  0.0000000E+00    0.000000000000000E+000
  4.8851978E-04     2.45950579643250     
  9.7703957E-04     2.20877766609192     
  1.4655594E-03   -6.755250692367554E-002
  1.9540791E-03    -1.32716441154480     
  2.4425988E-03   -0.215728491544724     
  2.9311185E-03     1.25146722793579     
  3.4196381E-03    0.561589419841766     
  3.9081578E-03    -1.75402712821960     
  4.3966775E-03    -2.68477106094360     
  4.8851972E-03   -0.713728070259094     
  5.3737168E-03     2.06613969802856     
  5.8622365E-03     2.53890275955200     
  6.3507562E-03    0.491876631975174     
  6.8392758E-03    -1.25355410575867     
  7.3277955E-03   -0.624830186367035     
  7.8163156E-03     1.04005706310272     
  8.3048353E-03    0.952305257320404     
  8.7933550E-03    -1.21473097801208     
  9.2818746E-03    -2.73019480705261     
  9.7703943E-03    -1.37723410129547     
  1.0258914E-02     1.52959942817688     
  1.0747434E-02     2.71342372894287     
  1.1235953E-02     1.07209408283234     
  1.1724473E-02    -1.03023564815521     
  1.2212993E-02   -0.968805015087128     
  1.2701512E-02    0.718439579010010     
  1.3190032E-02     1.21151041984558     
  1.3678552E-02   -0.636715888977051     
  1.4167071E-02    -2.59805083274841     
  1.4655591E-02    -1.94427227973938     
  1.5144111E-02    0.886094987392426     
  1.5632631E-02     2.71312475204468     
  1.6121151E-02     1.62549781799316     
  1.6609671E-02   -0.670173346996307     
  1.7098190E-02    -1.21055960655212     
  1.7586710E-02    0.321761697530746     
  1.8075230E-02     1.32301187515259     
  1.8563749E-02   -6.773978471755981E-002
  1.9052269E-02    -2.30431842803955     
  1.9540789E-02    -2.37622404098511     
  2.0029308E-02    0.180305540561676     
  2.0517828E-02     2.53222870826721     
  2.1006348E-02     2.10541343688965     
  2.1494867E-02   -0.198727011680603     
  2.1983387E-02    -1.32193291187286     
  2.2471907E-02   -0.108291722834110     
  2.2960426E-02     1.28384375572205     
  2.3448946E-02    0.446514487266541     
  2.3937466E-02    -1.87724828720093     
  2.4425985E-02    -2.64512419700623     
  2.4914505E-02   -0.538207232952118     
  2.5403025E-02     2.17901229858398     
  2.5891544E-02     2.46998691558838     
  2.6380064E-02    0.348342210054398     
  2.6868584E-02    -1.28618800640106     
  2.7357103E-02   -0.527133226394653     
  2.7845623E-02     1.10438132286072     
  2.8334143E-02    0.866109967231750     
  2.8822662E-02    -1.35493445396423     
  2.9311182E-02    -2.73581504821777     
  2.9799702E-02    -1.21881437301636     
  3.0288221E-02     1.67523980140686     
  3.0776741E-02     2.68567514419556     
  3.1265263E-02    0.927767753601074     
  3.1753782E-02    -1.09957349300385     
  3.2242302E-02   -0.891130924224854     
  3.2730822E-02    0.807338595390320     
  3.3219341E-02     1.16018128395081     
  3.3707861E-02   -0.782136380672455     
  3.4196381E-02    -2.64705753326416     
  3.4684900E-02    -1.81391918659210     
  3.5173420E-02     1.05455827713013     
  3.5661940E-02     2.73013639450073     
  3.6150459E-02     1.49235606193542     
  3.6638979E-02   -0.771748661994934     
  3.7127499E-02    -1.16145813465118     
  3.7616018E-02    0.425699472427368     
  3.8104538E-02     1.30939030647278     
  3.8593058E-02   -0.206475317478180     
  3.9081577E-02    -2.39149069786072     
  3.9570097E-02    -2.28270626068115     
  4.0058617E-02    0.359813123941422     
  4.0547136E-02     2.59413218498230     
  4.1035656E-02     1.99481201171875     
  4.1524176E-02   -0.325146138668060     
  4.2012695E-02    -1.30745506286621     
  4.2501215E-02   -1.521824451629072E-004
  4.2989735E-02     1.30740344524384     
  4.3478254E-02    0.325481176376343     
  4.3966774E-02    -1.99449145793915     
  4.4455294E-02    -2.59428477287292     
  4.4943813E-02   -0.360297024250031     
  4.5432333E-02     2.28242921829224     
  4.5920853E-02     2.39171481132507     
  4.6409372E-02    0.206854730844498     
  4.6897892E-02    -1.30933856964111     
  4.7386412E-02   -0.425977230072021     
  4.7874931E-02     1.16131448745728     
  4.8363451E-02    0.772023975849152     
  4.8851971E-02    -1.49199020862579     
  4.9340490E-02    -2.73016715049744     
  4.9829010E-02    -1.05502569675446     
  5.0317530E-02     1.81355547904968     
  5.0806049E-02     2.64717602729797     
  5.1294569E-02    0.782529950141907     
  5.1783089E-02    -1.16002404689789     
  5.2271608E-02   -0.807572245597839     
  5.2760128E-02    0.890912532806396     
  5.3248648E-02     1.09975600242615     
  5.3737167E-02   -0.927375674247742     
  5.4225687E-02    -2.68558526039124     
  5.4714207E-02    -1.67565441131592     
  5.5202726E-02     1.21836113929749     
  5.5691246E-02     2.73581504821777     
  5.6179766E-02     1.35533928871155     
  5.6668285E-02   -0.865856230258942     
  5.7156805E-02    -1.10454559326172     
  5.7645325E-02    0.526842892169952     
  5.8133844E-02     1.28626632690430     
  5.8622364E-02   -0.347956269979477     
  5.9110884E-02    -2.46977186203003     
  5.9599403E-02    -2.17931652069092     
  6.0087923E-02    0.537719368934631     
  6.0576443E-02     2.64499425888062     
  6.1064962E-02     1.87758660316467     
  6.1553482E-02   -0.446188569068909     
  6.2042002E-02    -1.28392386436462     
  6.2530525E-02    0.108011171221733     
  6.3019045E-02     1.32190573215485     
  6.3507564E-02    0.199068963527679     
  6.3996084E-02    -2.10513496398926     
  6.4484604E-02    -2.53241443634033     
  6.4973123E-02   -0.180783152580261     
  6.5461643E-02     2.37599420547485     
  6.5950163E-02     2.30457067489624     
  6.6438682E-02    6.810346245765686E-002
  6.6927202E-02    -1.32298886775970     
  6.7415722E-02   -0.322051584720612     
  6.7904241E-02     1.21043992042542     
  6.8392761E-02    0.670446753501892     
  6.8881281E-02    -1.62513649463654     
  6.9369800E-02    -2.71318483352661     
  6.9858320E-02   -0.886547386646271     
  7.0346840E-02     1.94392418861389     
  7.0835359E-02     2.59819746017456     
  7.1323879E-02    0.637101292610168     
  7.1812399E-02    -1.21138167381287     
  7.2300918E-02   -0.718686699867249     
  7.2789438E-02    0.968609213829041     
  7.3277958E-02     1.03044080734253     
  7.3766477E-02    -1.07170557975769     
  7.4254997E-02    -2.71336507797241     
  7.4743517E-02    -1.53001475334167     
  7.5232036E-02     1.37681329250336     
  7.5720556E-02     2.73022413253784     
  7.6209076E-02     1.21512508392334     
  7.6697595E-02   -0.952082931995392     
  7.7186115E-02    -1.04023528099060     
  7.7674635E-02    0.624563515186310     
  7.8163154E-02     1.25365614891052     
  7.8651674E-02   -0.491493850946426     
  7.9140194E-02    -2.53872299194336     
  7.9628713E-02    -2.06645870208740     
  8.0117233E-02    0.713266313076019     
  8.0605753E-02     2.68467593193054     
  8.1094272E-02     1.75436973571777     
  8.1582792E-02   -0.561292469501495     
  8.2071312E-02    -1.25156950950623     
  8.2559831E-02    0.215437293052673     
  8.3048351E-02     1.32716298103333     
  8.3536871E-02    6.792563199996948E-002
  8.4025390E-02    -2.20850563049316     
  8.4513910E-02    -2.45971393585205     
  8.5002430E-02   -5.072748172096908E-004
  8.5490949E-02     2.45929145812988     
  8.5979469E-02     2.20904445648193     
  8.6467989E-02   -6.717586517333984E-002
  8.6956508E-02    -1.32716596126556     
  8.7445028E-02   -0.216015502810478     
  8.7933548E-02     1.25136315822601     
  8.8422067E-02    0.561898112297058     
  8.8910587E-02    -1.75368785858154     
  8.9399107E-02    -2.68486714363098     
  8.9887626E-02   -0.714208304882050     
  9.0376146E-02     2.06582355499268     
  9.0864666E-02     2.53908348083496     
  9.1353185E-02    0.492274761199951     
  9.1841705E-02    -1.25345396995544     
  9.2330225E-02   -0.625101923942566     
  9.2818744E-02     1.03986799716949     
  9.3307264E-02    0.952527463436127     
  9.3795784E-02    -1.21432924270630     
  9.4284303E-02    -2.73016357421875     
  9.4772823E-02    -1.37765479087830     
  9.5261343E-02     1.52917623519897     
  9.5749862E-02     2.71348571777344     
  9.6238382E-02     1.07248258590698     
  9.6726902E-02    -1.03002655506134     
  9.7215421E-02   -0.969012737274170     
  9.7703941E-02    0.718192398548126     
  9.8192461E-02     1.21164417266846     
  9.8680981E-02   -0.636315226554871     
  9.9169500E-02    -2.59790420532227     
  9.9658020E-02    -1.94463384151459     
  0.1001465        0.885624527931213     
  0.1006351         2.71306228637695     
  0.1011236         1.62587273120880     
  0.1016121       -0.669877707958221     
  0.1021006        -1.21068382263184     
  0.1025891        0.321482896804810     
  0.1030777         1.32303500175476     
  0.1035662       -6.733250617980957E-002
  0.1040547        -2.30405664443970     
  0.1045432        -2.37647271156311     
  0.1050317        0.179808914661407     
  0.1055203         2.53204989433289     
  0.1060088         2.10569190979004     
  0.1064973       -0.198344171047211     
  0.1069858        -1.32196128368378     
  0.1074743       -0.108595095574856     
  0.1079629         1.28376638889313     
  0.1084514        0.446827948093414     
  0.1089399        -1.87693548202515     
  0.1094284        -2.64525866508484     
  0.1099169       -0.538713753223419     
  0.1104055         2.17870807647705     
  0.1108940         2.47018599510193     
  0.1113825        0.348728150129318     
  0.1118710        -1.28611540794373     
  0.1123595       -0.527423620223999     
  0.1128481         1.10420417785645     
  0.1133366        0.866363525390625     
  0.1138251        -1.35455906391144     
  0.1143136        -2.73581504821777     
  0.1148021        -1.21923363208771     
  0.1152906         1.67482519149780     
  0.1157792         2.68577194213867     
  0.1162677        0.928190410137177     
  0.1167562        -1.09939098358154     
  0.1172447       -0.891349315643311     
  0.1177332        0.807105064392090     
  0.1182218         1.16035032272339     
  0.1187103       -0.781712114810944     
  0.1191988        -2.64692974090576     
  0.1196873        -1.81429719924927     
  0.1201758         1.05410838127136     
  0.1206644         2.73010587692261     
  0.1211529         1.49276471138000     
  0.1216414       -0.771463096141815     
  0.1221299        -1.16161298751831     
  0.1226184        0.425410836935043     
  0.1231070         1.30944001674652     
  0.1235955       -0.206095874309540     
  0.1240840        -2.39124059677124     
  0.1245725        -2.28299355506897     
  0.1250611        0.359367072582245     
  0.1255496         2.59397363662720     
  0.1260381         1.99512064456940     
  0.1265266       -0.324811100959778     
  0.1270151        -1.30750441551208     
  0.1275036       -4.222150600980967E-004
  0.1279922         1.30735576152802     
  0.1284807        0.325829267501831     
  0.1289692        -1.99418294429779     
  0.1294577        -2.59443736076355     
  0.1299462       -0.360761940479279     
  0.1304348         2.28218340873718     
  0.1309233         2.39192128181458     
  0.1314118        0.207249045372009     
  0.1319003        -1.30928885936737     
  0.1323888       -0.426254928112030     
  0.1328774         1.16117632389069     
  0.1333659        0.772268116474152     
  0.1338544        -1.49165284633636     
  0.1343429        -2.73019886016846     
  0.1348314        -1.05547547340393     
  0.1353200         1.81319177150726     
  0.1358085         2.64728999137878     
  0.1362970        0.782908141613007     
  0.1367855        -1.15989041328430     
  0.1372740       -0.807814836502075     
  0.1377626        0.890685558319092     
  0.1382511         1.09992480278015     
  0.1387396       -0.926998972892761     
  0.1392281        -2.68549919128418     
  0.1397166        -1.67599344253540     
  0.1402052         1.21790790557861     
  0.1406937         2.73581504821777     
  0.1411822         1.35569989681244     
  0.1416707       -0.865621685981750     
  0.1421592        -1.10470330715179     
  0.1426478        0.526605129241943     
  0.1431363         1.28634476661682     
  0.1436248       -0.347555339336395     
  0.1441133        -2.46958017349243     
  0.1446018        -2.17959761619568     
  0.1450904        0.537259578704834     
  0.1455789         2.64488625526428     
  0.1460674         1.87792491912842     
  0.1465559       -0.445856332778931     
  0.1470444        -1.28399658203125     
  0.1475330        0.107707783579826     
  0.1480215         1.32187986373901     
  0.1485100        0.199404060840607     
  0.1489985        -2.10481119155884     
  0.1494870        -2.53260374069214     
  0.1499756       -0.181289285421371     
  0.1504641         2.37574529647827     
  0.1509526         2.30480837821960     
  0.1514411        6.846010684967041E-002
  0.1519296        -1.32296180725098     
  0.1524182       -0.322347044944763     
  0.1529067         1.21031320095062     
  0.1533952        0.670742332935333     
  0.1538837        -1.62479591369629     
  0.1543722        -2.71324372291565     
  0.1548607       -0.887062847614288     
  0.1553493         1.94356918334961     
  0.1558378         2.59834933280945     
  0.1563263        0.637509703636169     
  0.1568148        -1.21126008033752     
  0.1573033       -0.718924283981323     
  0.1577919        0.968383789062500     
  0.1582804         1.03064787387848     
  0.1587689        -1.07130181789398     
  0.1592574        -2.71330213546753     
  0.1597459        -1.53040242195129     
  0.1602345         1.37640905380249     
  0.1607230         2.73025798797607     
  0.1612115         1.21552300453186     
  0.1617000       -0.951852083206177     
  0.1621885        -1.04042601585388     
  0.1626771        0.624314427375793     
  0.1631656         1.25375318527222     
  0.1636541       -0.491057634353638     
  0.1641426        -2.53854274749756     
  0.1646311        -2.06678891181946     
  0.1651197        0.712776899337769     
  0.1656082         2.68458724021912     
  0.1660967         1.75469708442688     
  0.1665852       -0.560954153537750     
  0.1670737        -1.25167250633240     
  0.1675623        0.215136855840683     
  0.1680508         1.32716119289398     
  0.1685393        6.827223300933838E-002
  0.1690278        -2.20824694633484     
  0.1695163        -2.45994949340820     
  0.1700049       -1.014549634419382E-003
  0.1704934         2.45907187461853     
  0.1709819         2.20932412147522     
  0.1714704       -6.682914495468140E-002
  0.1719589        -1.32716727256775     
  0.1724475       -0.216338485479355     
  0.1729360         1.25126004219055     
  0.1734245        0.562212646007538     
  0.1739130        -1.75333368778229     
  0.1744015        -2.68495559692383     
  0.1748901       -0.714660882949829     
  0.1753786         2.06546831130981     
  0.1758671         2.53926372528076     
  0.1763556        0.492680430412292     
  0.1768441        -1.25334882736206     
  0.1773327       -0.625350892543793     
  0.1778212         1.03969156742096     
  0.1783097        0.952775537967682     
  0.1787982        -1.21393120288849     
  0.1792867        -2.73013186454773     
  0.1797753        -1.37809193134308     
  0.1802638         1.52878856658936     
  0.1807523         2.71354365348816     
  0.1812408         1.07291674613953     
  0.1817293        -1.02981925010681     
  0.1822179       -0.969222128391266     
  0.1827064        0.717935562133789     
  0.1831949         1.21176552772522     
  0.1836834       -0.635937571525574     
  0.1841719        -2.59774065017700     
  0.1846604        -1.94498836994171     
  0.1851490        0.885145068168640     
  0.1856375         2.71299815177917     
  0.1861260         1.62621319293976     
  0.1866145       -0.669604182243347     
  0.1871030        -1.21081995964050     
  0.1875916        0.321165144443512     
  0.1880801         1.32306170463562     
  0.1885686       -6.697604060173035E-002
  0.1890571        -2.30381870269775     
  0.1895456        -2.37670278549194     
  0.1900342        0.179264679551125     
  0.1905227         2.53184628486633     
  0.1910112         2.10601568222046     
  0.1914997       -0.198008954524994     
  0.1919882        -1.32198691368103     
  0.1924768       -0.108875647187233     
  0.1929653         1.28368163108826     
  0.1934538        0.447184920310974     
  0.1939423        -1.87657153606415     
  0.1944308        -2.64537620544434     
  0.1949194       -0.539173543453217     
  0.1954079         2.17842650413513     
  0.1958964         2.47040867805481     
  0.1963849        0.349159270524979     
  0.1968734        -1.28603100776672     
  0.1973620       -0.527682423591614     
  0.1978505         1.10404634475708     
  0.1983390        0.866597950458527     
  0.1988275        -1.35413956642151     
  0.1993160        -2.73581504821777     
  0.1998046        -1.21972084045410     
  0.2002931         1.67445576190948     
  0.2007816         2.68585801124573     
  0.2012701        0.928567171096802     
  0.2017586        -1.09922194480896     
  0.2022472       -0.891593217849731     
  0.2027357        0.806844055652618     
  0.2032242         1.16049551963806     
  0.2037127       -0.781333923339844     
  0.2042012        -2.64681577682495     
  0.2046898        -1.81470322608948     
  0.2051783         1.05367612838745     
  0.2056668         2.73007130622864     
  0.2061553         1.49305903911591     
  0.2066438       -0.771208405494690     
  0.2071324        -1.16177320480347     
  0.2076209        0.425143897533417     
  0.2081094         1.30949544906616     
  0.2085979       -0.205731362104416     
  0.2090864        -2.39102506637573     
  0.2095750        -2.28329133987427     
  0.2100635        0.358826398849487     
  0.2105520         2.59380292892456     
  0.2110405         1.99541687965393     
  0.2115290       -0.324436664581299     
  0.2120176        -1.30755376815796     
  0.2125061       -7.494681049138308E-004
  0.2129946         1.30728995800018     
  0.2134831        0.326151132583618     
  0.2139716        -1.99383807182312     
  0.2144601        -2.59458374977112     
  0.2149487       -0.361302524805069     
  0.2154372         2.28184366226196     
  0.2159257         2.39217138290405     
  0.2164142        0.207672923803329     
  0.2169027        -1.30924081802368     
  0.2173913       -0.426565229892731     
  0.2178798         1.16103827953339     
  0.2183683        0.772563934326172     
  0.2188568        -1.49118685722351     
  0.2193453        -2.73022818565369     
  0.2198339        -1.05597794055939     
  0.2203224         1.81284213066101     
  0.2208109         2.64742207527161     
  0.2212994        0.783409297466278     
  0.2217879        -1.15972113609314     
  0.2222765       -0.808075666427612     
  0.2227650        0.890475630760193     
  0.2232535         1.10012078285217     
  0.2237420       -0.926622211933136     
  0.2242305        -2.68539857864380     
  0.2247191        -1.67648291587830     
  0.2252076         1.21748852729797     
  0.2256961         2.73581480979919     
  0.2261846         1.35606074333191     
  0.2266731       -0.865348815917969     
  0.2271617        -1.10491228103638     
  0.2276502        0.526304185390472     
  0.2281387         1.28642892837524     
  0.2286272       -0.347184538841248     
  0.2291157        -2.46935749053955     
  0.2296043        -2.17987918853760     
  0.2300928        0.536724925041199     
  0.2305813         2.64472985267639     
  0.2310698         1.87823784351349     
  0.2315583       -0.445499002933502     
  0.2320469        -1.28406929969788     
  0.2325354        0.107381582260132     
  0.2330239         1.32184565067291     
  0.2335124        0.199793577194214     
  0.2340009        -2.10448741912842     
  0.2344895        -2.53277850151062     
  0.2349780       -0.181833505630493     
  0.2354665         2.37551498413086     
  0.2359550         2.30508470535278     
  0.2364435        6.893268227577209E-002
  0.2369321        -1.32293868064880     
  0.2374206       -0.322664678096771     
  0.2379091         1.21019589900970     
  0.2383976        0.671060025691986     
  0.2388861        -1.62434458732605     
  0.2393747        -2.71331214904785     
  0.2398632       -0.887578248977661     
  0.2403517         1.94324100017548     
  0.2408402         2.59851288795471     
  0.2413287        0.637887358665466     
  0.2418173        -1.21111869812012     
  0.2423058       -0.719238877296448     
  0.2427943        0.968189954757690     
  0.2432828         1.03087043762207     
  0.2437713        -1.07092845439911     
  0.2442598        -2.71323466300964     
  0.2447484        -1.53091597557068     
  0.2452369         1.37593877315521     
  0.2457254         2.73029160499573     
  0.2462139         1.21589100360870     
  0.2467024       -0.951603591442108     
  0.2471910        -1.04060232639313     
  0.2476795        0.624024868011475     
  0.2481680         1.25388157367706     
  0.2486565       -0.490682423114777     
  0.2491450        -2.53834867477417     
  0.2496336        -2.06709432601929     
  0.2501221        0.712397813796997     
  0.2506106         2.68449878692627     
  0.2510991         1.75507795810699     
  0.2515877       -0.560710251331329     
  0.2520762        -1.25176787376404     
  0.2525647        0.214904218912125     
  0.2530532         1.32715964317322     
  0.2535417        6.856256723403931E-002
  0.2540303        -2.20798802375793     
  0.2545188        -2.46015238761902     
  0.2550073       -1.407383475452662E-003
  0.2554958         2.45886874198914     
  0.2559843         2.20954084396362     
  0.2564729       -6.648242473602295E-002
  0.2569614        -1.32716870307922     
  0.2574499       -0.216571077704430     
  0.2579384         1.25116443634033     
  0.2584269        0.562456190586090     
  0.2589155        -1.75300598144531     
  0.2594040        -2.68502950668335     
  0.2598925       -0.715113401412964     
  0.2603810         2.06516265869141     
  0.2608695         2.53940320014954     
  0.2613581        0.493055701255798     
  0.2618466        -1.25326728820801     
  0.2623351       -0.625599741935730     
  0.2628236         1.03948616981506     
  0.2633121        0.952954232692719     
  0.2638007        -1.21356308460236     
  0.2642892        -2.73010706901550     
  0.2647777        -1.37849617004395     
  0.2652662         1.52846384048462     
  0.2657547         2.71360135078430     
  0.2662432         1.07328999042511     
  0.2667318        -1.02965879440308     
  0.2672203       -0.969415843486786     
  0.2677088        0.717736542224884     
  0.2681973         1.21188688278198     
  0.2686858       -0.635498523712158     
  0.2691744        -2.59762263298035     
  0.2696629        -1.94531631469727     
  0.2701514        0.884773671627045     
  0.2706399         2.71293902397156     
  0.2711284         1.62649834156036     
  0.2716170       -0.669330596923828     
  0.2721055        -1.21093690395355     
  0.2725940        0.320936292409897     
  0.2730825         1.32308459281921     
  0.2735710       -6.667751073837280E-002
  0.2740596        -2.30358076095581     
  0.2745481        -2.37696981430054     
  0.2750366        0.178872704505920     
  0.2755251         2.53167080879211     
  0.2760136         2.10624861717224     
  0.2765022       -0.197673797607422     
  0.2769907        -1.32200825214386     
  0.2774792       -0.109156191349030     
  0.2779677         1.28360855579376     
  0.2784562        0.447442054748535     
  0.2789448        -1.87625861167908     
  0.2794333        -2.64547443389893     
  0.2799218       -0.539633274078369     
  0.2804103         2.17809915542603     
  0.2808988         2.47056913375854     
  0.2813874        0.349530130624771     
  0.2818759        -1.28596997261047     
  0.2823644       -0.527941107749939     
  0.2828529         1.10391402244568     
  0.2833414        0.866832375526428     
  0.2838300        -1.35377871990204     
  0.2843185        -2.73581457138062     
  0.2848070        -1.22013998031616     
  0.2852955         1.67414641380310     
  0.2857840         2.68594408035278     
  0.2862726        0.929005146026611     
  0.2867611        -1.09905290603638     
  0.2872496       -0.891802906990051     
  0.2877381        0.806656002998352     
  0.2882266         1.16064071655273     
  0.2887152       -0.781017184257507     
  0.2892037        -2.64670157432556     
  0.2896922        -1.81505250930786     
  0.2901807         1.05324375629425     
  0.2906692         2.73004150390625     
  0.2911578         1.49341034889221     
  0.2916463       -0.770953714847565     
  0.2921348        -1.16191101074219     
  0.2926233        0.424876928329468     
  0.2931118         1.30954301357269     
  0.2936004       -0.205366790294647     
  0.2940889        -2.39080953598022     
  0.2945774        -2.28346395492554     
  0.2950659        0.358361423015594     
  0.2955544         2.59365606307983     
  0.2960429         1.99571323394775     
  0.2965315       -0.324114620685577     
  0.2970200        -1.30760312080383     
  0.2975085       -1.030944753438234E-003
  0.2979970         1.30724024772644     
  0.2984855        0.326472878456116     
  0.2989741        -1.99354135990143     
  0.2994626        -2.59473013877869     
  0.2999511       -0.361767470836639     
  0.3004396         2.28167057037354     
  0.3009281         2.39238643646240     
  0.3014167        0.208037585020065     
  0.3019052        -1.30919289588928     
  0.3023937       -0.426832020282745     
  0.3028822         1.16090011596680     
  0.3033707        0.772818326950073     
  0.3038593        -1.49083518981934     
  0.3043478        -2.73025727272034     
  0.3048363        -1.05641007423401     
  0.3053248         1.81249248981476     
  0.3058133         2.64753580093384     
  0.3063019        0.783664464950562     
  0.3067904        -1.15957558155060     
  0.3072789       -0.808300137519836     
  0.3077674        0.890265583992004     
  0.3082559         1.10028958320618     
  0.3087445       -0.926245450973511     
  0.3092330        -2.68531203269958     
  0.3097215        -1.67685222625732     
  0.3102100         1.21706926822662     
  0.3106985         2.73581433296204     
  0.3111871         1.35642135143280     
  0.3116756       -0.865114033222198     
  0.3121641        -1.10501861572266     
  0.3126526        0.526045322418213     
  0.3131411         1.28650116920471     
  0.3136297       -0.346813738346100     
  0.3141182        -2.46916556358337     
  0.3146067        -2.18016004562378     
  0.3150952        0.536265075206757     
  0.3155837         2.64461207389832     
  0.3160723         1.87855041027069     
  0.3165608       -0.445191681385040     
  0.3170493        -1.28414201736450     
  0.3175378        0.107101015746593     
  0.3180263         1.32182812690735     
  0.3185149        0.200128555297852     
  0.3190034        -2.10420894622803     
  0.3194919        -2.53295350074768     
  0.3199804       -0.182301551103592     
  0.3204689         2.37528491020203     
  0.3209575         2.30532217025757     
  0.3214460        6.928920745849609E-002
  0.3219345        -1.32291531562805     
  0.3224230       -0.322937905788422     
  0.3229115         1.21007847785950     
  0.3234001        0.671333312988281     
  0.3238886        -1.62411475181580     
  0.3243771        -2.71337080001831     
  0.3248656       -0.888021588325500     
  0.3253541         1.94291269779205     
  0.3258426         2.59865331649780     
  0.3263312        0.638264954090118     
  0.3268197        -1.21099686622620     
  0.3273082       -0.719476282596588     
  0.3277967        0.967995882034302     
  0.3282852         1.03106188774109     
  0.3287738        -1.07055509090424     
  0.3292623        -2.71317648887634     
  0.3297508        -1.53117752075195     
  0.3302393         1.37553429603577     
  0.3307278         2.73032045364380     
  0.3312164         1.21625900268555     
  0.3317049       -0.951389849185944     
  0.3321934        -1.04077863693237     
  0.3326819        0.623775780200958     
  0.3331704         1.25397849082947     
  0.3336590       -0.490307301282883     
  0.3341475        -2.53818202018738     
  0.3346360        -2.06739950180054     
  0.3351245        0.711797952651978     
  0.3356130         2.68441009521484     
  0.3361016         1.75540530681610     
  0.3365901       -0.560324430465698     
  0.3370786        -1.25186300277710     
  0.3375671        0.214535981416702     
  0.3380556         1.32715785503387     
  0.3385442        6.902182102203369E-002
  0.3390327        -2.20764470100403     
  0.3395212        -2.46035504341125     
  0.3400097       -2.029099036008120E-003
  0.3404982         2.45866560935974     
  0.3409868         2.20988368988037     
  0.3414753       -6.613564491271973E-002
  0.3419638        -1.32716989517212     
  0.3424523       -0.216939210891724     
  0.3429408         1.25106883049011     
  0.3434294        0.562841653823853     
  0.3439179        -1.75267827510834     
  0.3444064        -2.68514633178711     
  0.3448949       -0.715713083744049     
  0.3453834         2.06485700607300     
  0.3458720         2.53962373733521     
  0.3463605        0.493430972099304     
  0.3468490        -1.25313830375671     
  0.3473375       -0.625848650932312     
  0.3478260         1.03930962085724     
  0.3483146        0.953236877918243     
  0.3488031        -1.21319496631622     
  0.3492916        -2.73006820678711     
  0.3497801        -1.37890028953552     
  0.3502686         1.52794981002808     
  0.3507572         2.71367788314819     
  0.3512457         1.07366347312927     
  0.3517342        -1.02940464019775     
  0.3522227       -0.969609498977661     
  0.3527112        0.717421650886536     
  0.3531998         1.21200799942017     
  0.3536883       -0.635120868682861     
  0.3541768        -2.59743571281433     
  0.3546653        -1.94564425945282     
  0.3551538        0.884185910224915     
  0.3556423         2.71287965774536     
  0.3561309         1.62694931030273     
  0.3566194       -0.668968021869659     
  0.3571079        -1.21105396747589     
  0.3575964        0.320574104785919     
  0.3580849         1.32310748100281     
  0.3585735       -6.620511412620544E-002
  0.3590620        -2.30334305763245     
  0.3595505        -2.37719941139221     
  0.3600390        0.178252339363098     
  0.3605275         2.53149557113647     
  0.3610161         2.10661721229553     
  0.3615046       -0.197338521480560     
  0.3619931        -1.32204198837280     
  0.3624816       -0.109527990221977     
  0.3629701         1.28353548049927     
  0.3634587        0.447848975658417     
  0.3639472        -1.87594556808472     
  0.3644357        -2.64563012123108     
  0.3649242       -0.540093064308167     
  0.3654127         2.17781758308411     
  0.3659013         2.47082233428955     
  0.3663898        0.349900990724564     
  0.3668783        -1.28587365150452     
  0.3673668       -0.528199791908264     
  0.3678553         1.10370469093323     
  0.3683439        0.867142915725708     
  0.3688324        -1.35341799259186     
  0.3693209        -2.73581433296204     
  0.3698094        -1.22055912017822     
  0.3702979         1.67365658283234     
  0.3707865         2.68603014945984     
  0.3712750        0.929381966590881     
  0.3717635        -1.09882891178131     
  0.3722520       -0.892012596130371     
  0.3727405        0.806358337402344     
  0.3732291         1.16078591346741     
  0.3737176       -0.780516028404236     
  0.3742061        -2.64655017852783     
  0.3746946        -1.81540179252625     
  0.3751831         1.05267071723938     
  0.3756717         2.73001194000244     
  0.3761602         1.49387621879578     
  0.3766487       -0.770698904991150     
  0.3771372        -1.16204893589020     
  0.3776257        0.424523085355759     
  0.3781143         1.30959057807922     
  0.3786028       -0.204883754253387     
  0.3790913        -2.39059400558472     
  0.3795798        -2.28380322456360     
  0.3800683        0.357745140790939     
  0.3805569         2.59350895881653     
  0.3810454         1.99610590934753     
  0.3815339       -0.323792517185211     
  0.3820224        -1.30766844749451     
  0.3825109       -1.312421401962638E-003
  0.3829994         1.30719041824341     
  0.3834880        0.326899290084839     
  0.3839765        -1.99324488639832     
  0.3844650        -2.59492397308350     
  0.3849535       -0.362232387065887     
  0.3854420         2.28133058547974     
  0.3859306         2.39267158508301     
  0.3864191        0.208402276039124     
  0.3869076        -1.30912923812866     
  0.3873961       -0.427098840475082     
  0.3878846         1.16071689128876     
  0.3883732        0.773072719573975     
  0.3888617        -1.49048352241516     
  0.3893502        -2.73029589653015     
  0.3898387        -1.05684220790863     
  0.3903272         1.81202900409698     
  0.3908158         2.64764928817749     
  0.3913043        0.784165620803833     
  0.3917928        -1.15938258171082     
  0.3922813       -0.808524310588837     
  0.3927698        0.889987230300903     
  0.3932584         1.10045790672302     
  0.3937469       -0.925746023654938     
  0.3942354        -2.68522548675537     
  0.3947239        -1.67722129821777     
  0.3952124         1.21651351451874     
  0.3957010         2.73581409454346     
  0.3961895         1.35689926147461     
  0.3966780       -0.864879310131073     
  0.3971665        -1.10522747039795     
  0.3976550        0.525702178478241     
  0.3981436         1.28657341003418     
  0.3986321       -0.346322387456894     
  0.3991206        -2.46897387504578     
  0.3996091        -2.18053245544434     
  0.4000976        0.535805225372314     
  0.4005862         2.64449405670166     
  0.4010747         1.87896490097046     
  0.4015632       -0.444884359836578     
  0.4020517        -1.28423810005188     
  0.4025402        0.106820434331894     
  0.4030288         1.32179355621338     
  0.4035173        0.200463593006134     
  0.4040058        -2.10393023490906     
  0.4044943        -2.53318500518799     
  0.4049828       -0.182769626379013     
  0.4054714         2.37497949600220     
  0.4059599         2.30555963516235     
  0.4064484        6.964588165283203E-002
  0.4069369        -1.32288432121277     
  0.4074254       -0.323211103677750     
  0.4079140         1.20992290973663     
  0.4084025        0.671606540679932     
  0.4088910        -1.62377417087555     
  0.4093795        -2.71344852447510     
  0.4098680       -0.888464868068695     
  0.4103566         1.94258427619934     
  0.4108451         2.59883952140808     
  0.4113336        0.638765454292297     
  0.4118221        -1.21087515354156     
  0.4123106       -0.719636440277100     
  0.4127991        0.967738747596741     
  0.4132877         1.03125309944153     
  0.4137762        -1.07018160820007     
  0.4142647        -2.71309924125671     
  0.4147532        -1.53169095516205     
  0.4152417         1.37512993812561     
  0.4157303         2.73035860061646     
  0.4162188         1.21674656867981     
  0.4167073       -0.951176047325134     
  0.4171958        -1.04095494747162     
  0.4176843        0.623445630073547     
  0.4181729         1.25407528877258     
  0.4186614       -0.489932119846344     
  0.4191499        -2.53796052932739     
  0.4196384        -2.06780362129211     
  0.4201269        0.711345195770264     
  0.4206155         2.68432116508484     
  0.4211040         1.75583934783936     
  0.4215925       -0.560033321380615     
  0.4220810        -1.25195813179016     
  0.4225695        0.214167743921280     
  0.4230581         1.32715559005737     
  0.4235466        6.936836242675781E-002
  0.4240351        -2.20746994018555     
  0.4245236        -2.46062350273132     
  0.4250121       -2.498226938769221E-003
  0.4255007         2.45846223831177     
  0.4259892         2.21022605895996     
  0.4264777       -6.567597389221191E-002
  0.4269662        -1.32717108726501     
  0.4274547       -0.217307329177856     
  0.4279433         1.25094199180603     
  0.4284318        0.563132345676422     
  0.4289203        -1.75235056877136     
  0.4294088        -2.68526291847229     
  0.4298973       -0.716165542602539     
  0.4303859         2.06455135345459     
  0.4308744         2.53984403610229     
  0.4313629        0.493928194046021     
  0.4318514        -1.25304102897644     
  0.4323399       -0.626097500324249     
  0.4328285         1.03907549381256     
  0.4333170        0.953450202941895     
  0.4338055        -1.21282696723938     
  0.4342940        -2.73002886772156     
  0.4347825        -1.37943601608276     
  0.4352711         1.52756190299988     
  0.4357596         2.71371650695801     
  0.4362481         1.07415807247162     
  0.4367366        -1.02921271324158     
  0.4372251       -0.969803214073181     
  0.4377137        0.717106640338898     
  0.4382022         1.21216857433319     
  0.4386907       -0.634743273258209     
  0.4391792        -2.59724855422974     
  0.4396677        -1.94607877731323     
  0.4401563        0.883742332458496     
  0.4406448         2.71282052993774     
  0.4411333         1.62740039825439     
  0.4416218       -0.668694436550140     
  0.4421103        -1.21117079257965     
  0.4425988        0.320211857557297     
  0.4430874         1.32313776016235     
  0.4435759       -6.584879755973816E-002
  0.4440644        -2.30310487747192     
  0.4445529        -2.37750387191772     
  0.4450414        0.177784234285355     
  0.4455300         2.53131985664368     
  0.4460185         2.10698604583740     
  0.4465070       -0.196894168853760     
  0.4469955        -1.32206749916077     
  0.4474840       -0.109717264771461     
  0.4479726         1.28343868255615     
  0.4484611        0.448155939579010     
  0.4489496        -1.87563252449036     
  0.4494381        -2.64578557014465     
  0.4499266       -0.540702283382416     
  0.4504152         2.17753601074219     
  0.4509037         2.47107577323914     
  0.4513922        0.350392639636993     
  0.4518807        -1.28580081462860     
  0.4523692       -0.528458476066589     
  0.4528578         1.10349512100220     
  0.4533463        0.867377281188965     
  0.4538348        -1.35305714607239     
  0.4543233        -2.73581385612488     
  0.4548118        -1.22111439704895     
  0.4553004         1.67328703403473     
  0.4557889         2.68611598014832     
  0.4562774        0.929881155490875     
  0.4567659        -1.09865975379944     
  0.4572544       -0.892222225666046     
  0.4577430        0.806060552597046     
  0.4582315         1.16097807884216     
  0.4587200       -0.780137777328491     
  0.4592085        -2.64647316932678     
  0.4596970        -1.81586468219757     
  0.4601856         1.05223834514618     
  0.4606741         2.72998213768005     
  0.4611626         1.49434185028076     
  0.4616511       -0.770361185073853     
  0.4621396        -1.16218662261963     
  0.4626282        0.424169242382050     
  0.4631167         1.30965352058411     
  0.4636052       -0.204519271850586     
  0.4640937        -2.39037847518921     
  0.4645822        -2.28414201736450     
  0.4650708        0.357280075550079     
  0.4655593         2.59336185455322     
  0.4660478         1.99649858474731     
  0.4665363       -0.323365569114685     
  0.4670248        -1.30771768093109     
  0.4675134       -1.593897934071720E-003
  0.4680019         1.30712437629700     
  0.4684904        0.327221095561981     
  0.4689789        -1.99294805526733     
  0.4694674        -2.59511780738831     
  0.4699560       -0.362848520278931     
  0.4704445         2.28107404708862     
  0.4709330         2.39281654357910     
  0.4714215        0.208885610103607     
  0.4719100        -1.30908107757568     
  0.4723985       -0.427365660667419     
  0.4728871         1.16053354740143     
  0.4733756        0.773409724235535     
  0.4738641        -1.49013197422028     
  0.4743526        -2.73033428192139     
  0.4748411        -1.05741477012634     
  0.4753297         1.81167924404144     
  0.4758182         2.64776277542114     
  0.4763067        0.784666895866394     
  0.4767952        -1.15923678874969     
  0.4772837       -0.808748602867126     
  0.4777723        0.889708876609802     
  0.4782608         1.10068130493164     
  0.4787493       -0.925369262695312     
  0.4792378        -2.68513894081116     
  0.4797263        -1.67771053314209     
  0.4802149         1.21609401702881     
  0.4807034         2.73581361770630     
  0.4811919         1.35737729072571     
  0.4816804       -0.864567995071411     
  0.4821689        -1.10538506507874     
  0.4826575        0.525527477264404     
  0.4831460         1.28666901588440     
  0.4836345       -0.345951616764069     
  0.4841230        -2.46878194808960     
  0.4846115        -2.18090486526489     
  0.4851001        0.535195708274841     
  0.4855886         2.64437580108643     
  0.4860771         1.87937927246094     
  0.4865656       -0.444476962089539     
  0.4870541        -1.28431057929993     
  0.4875427        0.106539838016033     
  0.4880312         1.32175922393799     
  0.4885197        0.200907468795776     
  0.4890082        -2.10365152359009     
  0.4894967        -2.53341650962830     
  0.4899853       -0.183389917016029     
  0.4904738         2.37474918365479     
  0.4909623         2.30579710006714     
  0.4914508        7.011854648590088E-002
  0.4919393        -1.32286083698273     
  0.4924279       -0.323484241962433     
  0.4929164         1.20976710319519     
  0.4934049        0.671968519687653     
  0.4938934        -1.62332272529602     
  0.4943819        -2.71348810195923     
  0.4948705       -0.889052331447601     
  0.4953590         1.94214904308319     
  0.4958475         2.59893417358398     
  0.4963360        0.639266073703766     
  0.4968245        -1.21071374416351     
  0.4973131       -0.719950973987579     
  0.4978016        0.967481493949890     
  0.4982901         1.03150653839111     
  0.4987786        -1.06968677043915     
  0.4992671        -2.71305966377258     
  0.4997557        -1.53220438957214     
  0.5002442         1.37485682964325     
  0.5007327         2.73037815093994     
  0.5012212         1.21699488162994     
  0.5017098       -0.951031863689423     
  0.5021983        -1.04118835926056     
  0.5026868        0.623277544975281     
  0.5031753         1.25414061546326     
  0.5036638       -0.489678949117661     
  0.5041524        -2.53784799575806     
  0.5046409        -2.06800937652588     
  0.5051294        0.711039781570435     
  0.5056179         2.68420338630676     
  0.5061064         1.75606024265289     
  0.5065950       -0.559836745262146     
  0.5070835        -1.25202226638794     
  0.5075720        0.213980242609978     
  0.5080605         1.32715439796448     
  0.5085490        6.960213184356689E-002
  0.5090376        -2.20712637901306     
  0.5095261        -2.46076011657715     
  0.5100146       -2.814766485244036E-003
  0.5105031         2.45832514762878     
  0.5109916         2.21040058135986     
  0.5114802       -6.544202566146851E-002
  0.5119687        -1.32717192173004     
  0.5124572       -0.217494726181030     
  0.5129457         1.25087738037109     
  0.5134342        0.563328564167023     
  0.5139228        -1.75191617012024     
  0.5144113        -2.68532228469849     
  0.5148998       -0.716470956802368     
  0.5153883         2.06434512138367     
  0.5158768         2.53995633125305     
  0.5163653        0.494181424379349     
  0.5168539        -1.25297522544861     
  0.5173424       -0.626427233219147     
  0.5178309         1.03895616531372     
  0.5183194        0.953593969345093     
  0.5188079        -1.21257853507996     
  0.5192965        -2.73000907897949     
  0.5197850        -1.37970852851868     
  0.5202735         1.52730011940002     
  0.5207620         2.71379303932190     
  0.5212505         1.07441008090973     
  0.5217391        -1.02908325195312     
  0.5222276       -0.969933748245239     
  0.5227161        0.716946303844452     
  0.5232046         1.21225035190582     
  0.5236931       -0.634488344192505     
  0.5241817        -2.59715342521667     
  0.5246702        -1.94629979133606     
  0.5251587        0.883443117141724     
  0.5256472         2.71274161338806     
  0.5261357         1.62762975692749     
  0.5266243       -0.668509721755981     
  0.5271128        -1.21124970912933     
  0.5276013        0.320027440786362     
  0.5280898         1.32315301895142     
  0.5285783       -6.560832262039185E-002
  0.5290669        -2.30278944969177     
  0.5295554        -2.37765884399414     
  0.5300439        0.177468359470367     
  0.5305324         2.53120160102844     
  0.5310209         2.10717368125916     
  0.5315095       -0.196667850017548     
  0.5319980        -1.32208442687988     
  0.5324865       -0.110089048743248     
  0.5329750         1.28338932991028     
  0.5334635        0.448363065719604     
  0.5339521        -1.87542116641998     
  0.5344406        -2.64586448669434     
  0.5349291       -0.541012406349182     
  0.5354176         2.17734575271606     
  0.5359061         2.47120475769043     
  0.5363947        0.350642889738083     
  0.5368832        -1.28575158119202     
  0.5373717       -0.528801262378693     
  0.5378602         1.10338842868805     
  0.5383487        0.867535293102264     
  0.5388373        -1.35281360149384     
  0.5393258        -2.73581361770630     
  0.5398143        -1.22139704227448     
  0.5403028         1.67303752899170     
  0.5407913         2.68622970581055     
  0.5412799        0.930135309696198     
  0.5417684        -1.09854567050934     
  0.5422569       -0.892363667488098     
  0.5427454        0.805909097194672     
  0.5432339         1.16107606887817     
  0.5437225       -0.779882669448853     
  0.5442110        -2.64632177352905     
  0.5446995        -1.81610023975372     
  0.5451880         1.05194652080536     
  0.5456765         2.72996187210083     
  0.5461650         1.49457907676697     
  0.5466536       -0.770189225673676     
  0.5471421        -1.16227960586548     
  0.5476306        0.423989057540894     
  0.5481191         1.30968534946442     
  0.5486076       -0.204273343086243     
  0.5490962        -2.39009284973145     
  0.5495847        -2.28431463241577     
  0.5500732        0.356966316699982     
  0.5505617         2.59326267242432     
  0.5510502         1.99669837951660     
  0.5515388       -0.323148190975189     
  0.5520273        -1.30775094032288     
  0.5525158       -1.966926967725158E-003
  0.5530043         1.30709064006805     
  0.5534928        0.327438116073608     
  0.5539814        -1.99274778366089     
  0.5544699        -2.59521675109863     
  0.5549584       -0.363162219524384     
  0.5554469         2.28090095520020     
  0.5559354         2.39310121536255     
  0.5564240        0.209131628274918     
  0.5569125        -1.30904853343964     
  0.5574010       -0.427545666694641     
  0.5578895         1.16044020652771     
  0.5583780        0.773581266403198     
  0.5588666        -1.48989450931549     
  0.5593551        -2.73035383224487     
  0.5598436        -1.05770623683929     
  0.5603321         1.81144309043884     
  0.5608206         2.64791321754456     
  0.5613092        0.784922063350677     
  0.5617977        -1.15913844108582     
  0.5622862       -0.808899879455566     
  0.5627747        0.889567017555237     
  0.5632632         1.10079491138458     
  0.5637518       -0.925114989280701     
  0.5642403        -2.68502402305603     
  0.5647288        -1.67795944213867     
  0.5652173         1.21581101417542     
  0.5657058         2.73581314086914     
  0.5661944         1.35762047767639     
  0.5666829       -0.864409565925598     
  0.5671714        -1.10549128055573     
  0.5676599        0.525184273719788     
  0.5681484         1.28671765327454     
  0.5686370       -0.345701366662979     
  0.5691255        -2.46865224838257     
  0.5696140        -2.18109464645386     
  0.5701025        0.534885406494141     
  0.5705910         2.64429616928101     
  0.5710796         1.87959015369415     
  0.5715681       -0.444269478321075     
  0.5720566        -1.28435933589935     
  0.5725451        0.106167986989021     
  0.5730336         1.32174158096313     
  0.5735222        0.201133430004120     
  0.5740107        -2.10346341133118     
  0.5744992        -2.53353428840637     
  0.5749877       -0.183705747127533     
  0.5754762         2.37459373474121     
  0.5759647         2.30611157417297     
  0.5764533        7.035923004150391E-002
  0.5769418        -1.32284498214722     
  0.5774303       -0.323668599128723     
  0.5779188         1.20968782901764     
  0.5784073        0.672152698040009     
  0.5788959        -1.62309300899506     
  0.5793844        -2.71356534957886     
  0.5798729       -0.889351308345795     
  0.5803614         1.94192743301392     
  0.5808499         2.59902882575989     
  0.5813385        0.639520883560181     
  0.5818270        -1.21063160896301     
  0.5823155       -0.720111131668091     
  0.5828040        0.967350482940674     
  0.5832925         1.03163552284241     
  0.5837811        -1.06943488121033     
  0.5842696        -2.71298217773438     
  0.5847581        -1.53246593475342     
  0.5852466         1.37432062625885     
  0.5857351         2.73039746284485     
  0.5862237         1.21748244762421     
  0.5867122       -0.950748324394226     
  0.5872007        -1.04130721092224     
  0.5876892        0.622947335243225     
  0.5881777         1.25426876544952     
  0.5886663       -0.489181816577911     
  0.5891548        -2.53773522377014     
  0.5896433        -2.06841373443604     
  0.5901318        0.710439741611481     
  0.5906203         2.68414354324341     
  0.5911089         1.75649404525757     
  0.5915974       -0.559450685977936     
  0.5920859        -1.25214838981628     
  0.5925744        0.213792756199837     
  0.5930629         1.32715189456940     
  0.5935515        7.006144523620605E-002
  0.5940400        -2.20695161819458     
  0.5945285        -2.46102857589722     
  0.5950170       -3.436481580138206E-003
  0.5955055         2.45805549621582     
  0.5959941         2.21074318885803     
  0.5964826       -6.498229503631592E-002
  0.5969711        -1.32717323303223     
  0.5974596       -0.217682138085365     
  0.5979481         1.25075042247772     
  0.5984367        0.563713848590851     
  0.5989252        -1.75169503688812     
  0.5994137        -2.68543863296509     
  0.5999022       -0.717070460319519     
  0.6003907         2.06394004821777     
  0.6008793         2.54006862640381     
  0.6013678        0.494678795337677     
  0.6018563        -1.25284600257874     
  0.6023448       -0.626595139503479     
  0.6028333         1.03872191905975     
  0.6033219        0.953876435756683     
  0.6038104        -1.21209073066711     
  0.6042989        -2.72998905181885     
  0.6047874        -1.38024401664734     
  0.6052759         1.52678596973419     
  0.6057644         2.71383166313171     
  0.6062530         1.07490468025208     
  0.6067415        -1.02882885932922     
  0.6072300       -0.970190286636353     
  0.6077185        0.716631233692169     
  0.6082070         1.21241068840027     
  0.6086956       -0.633987963199615     
  0.6091841        -2.59705805778503     
  0.6096726        -1.94673418998718     
  0.6101611        0.882855296134949     
  0.6106496         2.71270155906677     
  0.6111382         1.62808096408844     
  0.6116267       -0.668146908283234     
  0.6121152        -1.21140432357788     
  0.6126037        0.319842994213104     
  0.6130922         1.32318294048309     
  0.6135808       -6.513604521751404E-002
  0.6140693        -2.30262875556946     
  0.6145578        -2.37796282768250     
  0.6150463        0.176847979426384     
  0.6155348         2.53096890449524     
  0.6160234         2.10736131668091     
  0.6165119       -0.196223497390747     
  0.6170004        -1.32211804389954     
  0.6174889       -0.110278330743313     
  0.6179774         1.28329217433929     
  0.6184660        0.448769807815552     
  0.6189545        -1.87500619888306     
  0.6194430        -2.64601993560791     
  0.6199315       -0.541621685028076     
  0.6204200         2.17697238922119     
  0.6209086         2.47133374214172     
  0.6213971        0.351134508848190     
  0.6218856        -1.28565478324890     
  0.6223741       -0.528975725173950     
  0.6228626         1.10317885875702     
  0.6233512        0.867845654487610     
  0.6238397        -1.35233533382416     
  0.6243282        -2.73581314086914     
  0.6248167        -1.22195231914520     
  0.6253052         1.67254757881165     
  0.6257938         2.68628740310669     
  0.6262823        0.930634558200836     
  0.6267708        -1.09832143783569     
  0.6272593       -0.892641425132751     
  0.6277478        0.805757462978363     
  0.6282364         1.16126823425293     
  0.6287249       -0.779381513595581     
  0.6292134        -2.64624452590942     
  0.6297019        -1.81656289100647     
  0.6301904         1.05137336254120     
  0.6306790         2.72992205619812     
  0.6311675         1.49504470825195     
  0.6316560       -0.769851386547089     
  0.6321445        -1.16246199607849     
  0.6326330        0.423808902502060     
  0.6331216         1.30974817276001     
  0.6336101       -0.203790366649628     
  0.6340986        -2.38994717597961     
  0.6345871        -2.28465342521667     
  0.6350756        0.356350004673004     
  0.6355641         2.59306764602661     
  0.6360527         1.99689817428589     
  0.6365412       -0.322721183300018     
  0.6370297        -1.30781602859497     
  0.6375182       -2.156850649043918E-003
  0.6380067         1.30702435970306     
  0.6384953        0.327864468097687     
  0.6389838        -1.99235439300537     
  0.6394723        -2.59531497955322     
  0.6399608       -0.363778352737427     
  0.6404493         2.28056073188782     
  0.6409379         2.39324617385864     
  0.6414264        0.209615021944046     
  0.6419149        -1.30898451805115     
  0.6424034       -0.427899241447449     
  0.6428919         1.16025686264038     
  0.6433805        0.773918211460114     
  0.6438690        -1.48942852020264     
  0.6443575        -2.73037338256836     
  0.6448460        -1.05827879905701     
  0.6453345         1.81097948551178     
  0.6458231         2.64798974990845     
  0.6463116        0.785423219203949     
  0.6468001        -1.15894508361816     
  0.6472886       -0.809197008609772     
  0.6477771        0.889425277709961     
  0.6482657         1.10101807117462     
  0.6487542       -0.924615681171417     
  0.6492427        -2.68496537208557     
  0.6497312        -1.67844855785370     
  0.6502197         1.21525514125824     
  0.6507083         2.73581266403198     
  0.6511968         1.35786378383636     
  0.6516853       -0.864098072052002     
  0.6521738        -1.10569989681244     
  0.6526623        0.525009572505951     
  0.6531509         1.28681302070618     
  0.6536394       -0.345210105180740     
  0.6541279        -2.46839785575867     
  0.6546164        -2.18146681785583     
  0.6551049        0.534275889396667     
  0.6555935         2.64413928985596     
  0.6560820         1.87980103492737     
  0.6565705       -0.443861961364746     
  0.6570590        -1.28445529937744     
  0.6575475        0.105978660285473     
  0.6580361         1.32170677185059     
  0.6585246        0.201577246189117     
  0.6590131        -2.10309410095215     
  0.6595016        -2.53365206718445     
  0.6599901       -0.184326022863388     
  0.6604787         2.37428808212280     
  0.6609672         2.30627179145813     
  0.6614557        7.083192467689514E-002
  0.6619442        -1.32281374931335     
  0.6624327       -0.324030548334122     
  0.6629212         1.20960855484009     
  0.6634098        0.672514557838440     
  0.6638983        -1.62264144420624     
  0.6643868        -2.71360492706299     
  0.6648753       -0.889938652515411     
  0.6653638         1.94149208068848     
  0.6658524         2.59921455383301     
  0.6663409        0.640021443367004     
  0.6668294        -1.21046996116638     
  0.6673179       -0.720425605773926     
  0.6678064        0.967219471931458     
  0.6682950         1.03188872337341     
  0.6687835        -1.06893992424011     
  0.6692720        -2.71294260025024     
  0.6697605        -1.53297901153564     
  0.6702490         1.37378442287445     
  0.6707376         2.73043537139893     
  0.6712261         1.21773076057434     
  0.6717146       -0.950464844703674     
  0.6722031        -1.04154062271118     
  0.6726916        0.622779190540314     
  0.6731802         1.25439679622650     
  0.6736687       -0.488684654235840     
  0.6741572        -2.53751349449158     
  0.6746457        -2.06861925125122     
  0.6751342        0.709839701652527     
  0.6756228         2.68402552604675     
  0.6761113         1.75671482086182     
  0.6765998       -0.559064686298370     
  0.6770883        -1.25227403640747     
  0.6775768        0.213424503803253     
  0.6780654         1.32714915275574     
  0.6785539        7.052057981491089E-002
  0.6790424        -2.20660805702209     
  0.6795309        -2.46116495132446     
  0.6800194       -4.058197140693665E-003
  0.6805080         2.45778584480286     
  0.6809965         2.21091747283936     
  0.6814850       -6.452256441116333E-002
  0.6819735        -1.32717442512512     
  0.6824620       -0.218050226569176     
  0.6829506         1.25068569183350     
  0.6834391        0.564098954200745     
  0.6839276        -1.75126051902771     
  0.6844161        -2.68549823760986     
  0.6849046       -0.717670083045959     
  0.6853932         2.06353449821472     
  0.6858817         2.54028844833374     
  0.6863702        0.494931936264038     
  0.6868587        -1.25271654129028     
  0.6873472       -0.626924812793732     
  0.6878358         1.03860259056091     
  0.6883243        0.954158902168274     
  0.6888128        -1.21160280704498     
  0.6893013        -2.72994947433472     
  0.6897898        -1.38077950477600     
  0.6902784         1.52627158164978     
  0.6907669         2.71390771865845     
  0.6912554         1.07515656948090     
  0.6917439        -1.02857434749603     
  0.6922324       -0.970446705818176     
  0.6927209        0.716470777988434     
  0.6932095         1.21257090568542     
  0.6936980       -0.633487522602081     
  0.6941865        -2.59687089920044     
  0.6946750        -1.94695544242859     
  0.6951635        0.882267355918884     
  0.6956521         2.71262264251709     
  0.6961406         1.62831044197083     
  0.6966291       -0.667784154415131     
  0.6971176        -1.21155905723572     
  0.6976061        0.319480717182159     
  0.6980947         1.32319831848145     
  0.6985832       -6.466385722160339E-002
  0.6990717        -2.30231285095215     
  0.6995602        -2.37811779975891     
  0.7000487        0.176227584481239     
  0.7005373         2.53073596954346     
  0.7010258         2.10772991180420     
  0.7015143       -0.195778965950012     
  0.7020028        -1.32215142250061     
  0.7024913       -0.110650092363358     
  0.7029799         1.28324270248413     
  0.7034684        0.449176490306854     
  0.7039569        -1.87459111213684     
  0.7044454        -2.64609885215759     
  0.7049339       -0.542230844497681     
  0.7054225         2.17659878730774     
  0.7059110         2.47158694267273     
  0.7063995        0.351384729146957     
  0.7068880        -1.28555822372437     
  0.7073765       -0.529318451881409     
  0.7078651         1.10307204723358     
  0.7083536        0.868155956268311     
  0.7088421        -1.35185694694519     
  0.7093306        -2.73581242561340     
  0.7098191        -1.22223484516144     
  0.7103077         1.67205739021301     
  0.7107962         2.68640089035034     
  0.7112847        0.930888772010803     
  0.7117732        -1.09809696674347     
  0.7122617       -0.892919182777405     
  0.7127503        0.805459618568420     
  0.7132388         1.16146016120911     
  0.7137273       -0.778880238533020     
  0.7142158        -2.64609265327454     
  0.7147043        -1.81679844856262     
  0.7151929         1.05080020427704     
  0.7156814         2.72988224029541     
  0.7161699         1.49528169631958     
  0.7166584       -0.769513428211212     
  0.7171469        -1.16264426708221     
  0.7176355        0.423454999923706     
  0.7181240         1.30977988243103     
  0.7186125       -0.203307330608368     
  0.7191010        -2.38966107368469     
  0.7195895        -2.28482604026794     
  0.7200781        0.355733692646027     
  0.7205666         2.59287238121033     
  0.7210551         1.99729061126709     
  0.7215436       -0.322503805160522     
  0.7220321        -1.30788087844849     
  0.7225206       -2.529879566282034E-003
  0.7230092         1.30699062347412     
  0.7234977        0.328290760517120     
  0.7239862        -1.99196124076843     
  0.7244747        -2.59550857543945     
  0.7249632       -0.364394426345825     
  0.7254518         2.28022050857544     
  0.7259403         2.39353084564209     
  0.7264288        0.209861189126968     
  0.7269173        -1.30892038345337     
  0.7274058       -0.428252726793289     
  0.7278944         1.16016340255737     
  0.7283829        0.774254858493805     
  0.7288714        -1.48896229267120     
  0.7293599        -2.73041152954102     
  0.7298484        -1.05857038497925     
  0.7303370         1.81051564216614     
  0.7308255         2.64813971519470     
  0.7313140        0.785678327083588     
  0.7318025        -1.15875172615051     
  0.7322910       -0.809494018554688     
  0.7327796        0.889146685600281     
  0.7332681         1.10113167762756     
  0.7337566       -0.924116373062134     
  0.7342451        -2.68485021591187     
  0.7347336        -1.67869746685028     
  0.7352222         1.21469914913177     
  0.7357107         2.73581171035767     
  0.7361992         1.35834157466888     
  0.7366877       -0.863786637783051     
  0.7371762        -1.10590851306915     
  0.7376648        0.524666368961334     
  0.7381533         1.28686165809631     
  0.7386418       -0.344718813896179     
  0.7391303        -2.46814322471619     
  0.7396188        -2.18165636062622     
  0.7401074        0.533666372299194     
  0.7405959         2.64398241043091     
  0.7410844         1.88021540641785     
  0.7415729       -0.443654417991638     
  0.7420614        -1.28455114364624     
  0.7425500        0.105606794357300     
  0.7430385         1.32168900966644     
  0.7435270        0.202021062374115     
  0.7440155        -2.10272431373596     
  0.7445040        -2.53388333320618     
  0.7449926       -0.184641823172569     
  0.7454811         2.37398266792297     
  0.7459696         2.30658626556396     
  0.7464581        7.107260823249817E-002
  0.7469466        -1.32278251647949     
  0.7474352       -0.324392527341843     
  0.7479237         1.20945262908936     
  0.7484122        0.672876298427582     
  0.7489007        -1.62218976020813     
  0.7493892        -2.71368217468262     
  0.7498778       -0.890237689018250     
  0.7503663         1.94105648994446     
  0.7508548         2.59940028190613     
  0.7513433        0.640276312828064     
  0.7518318        -1.21030831336975     
  0.7523203       -0.720739960670471     
  0.7528089        0.966962099075317     
  0.7532974         1.03201770782471     
  0.7537859        -1.06844496726990     
  0.7542744        -2.71286487579346     
  0.7547629        -1.53324031829834     
  0.7552515         1.37324810028076     
  0.7557400         2.73047304153442     
  0.7562285         1.21821820735931     
  0.7567170       -0.950320422649384     
  0.7572055        -1.04177379608154     
  0.7576941        0.622448921203613     
  0.7581826         1.25446200370789     
  0.7586711       -0.488187491893768     
  0.7591596        -2.53729200363159     
  0.7596481        -2.06902337074280     
  0.7601367        0.709239661693573     
  0.7606252         2.68390750885010     
  0.7611137         1.75714850425720     
  0.7616022       -0.558867990970612     
  0.7620907        -1.25239992141724     
  0.7625793        0.213056191802025     
  0.7630678         1.32714796066284     
  0.7635563        7.097965478897095E-002
  0.7640448        -2.20626425743103     
  0.7645333        -2.46143293380737     
  0.7650219       -4.374736454337835E-003
  0.7655104         2.45751619338989     
  0.7659989         2.21125984191895     
  0.7664874       -6.428849697113037E-002
  0.7669759        -1.32717561721802     
  0.7674645       -0.218418270349503     
  0.7679530         1.25055861473083     
  0.7684415        0.564295053482056     
  0.7689300        -1.75082600116730     
  0.7694185        -2.68561434745789     
  0.7699071       -0.717975378036499     
  0.7703956         2.06312918663025     
  0.7708841         2.54050874710083     
  0.7713726        0.495429307222366     
  0.7718611        -1.25258708000183     
  0.7723497       -0.627254426479340     
  0.7728382         1.03836822509766     
  0.7733267        0.954302608966827     
  0.7738152        -1.21111500263214     
  0.7743037        -2.72991013526917     
  0.7747923        -1.38105201721191     
  0.7752808         1.52575731277466     
  0.7757693         2.71398353576660     
  0.7762578         1.07565116882324     
  0.7767463        -1.02844476699829     
  0.7772349       -0.970703125000000     
  0.7777234        0.716155648231506     
  0.7782119         1.21265256404877     
  0.7787004       -0.632987141609192     
  0.7791889        -2.59668350219727     
  0.7796775        -1.94738960266113     
  0.7801660        0.881968021392822     
  0.7806545         2.71254348754883     
  0.7811430         1.62876129150391     
  0.7816315       -0.667599320411682     
  0.7821200        -1.21171367168427     
  0.7826086        0.319118440151215     
  0.7830971         1.32322812080383     
  0.7835856       -6.419163942337036E-002
  0.7840741        -2.30199718475342     
  0.7845626        -2.37842178344727     
  0.7850512        0.175911709666252     
  0.7855397         2.53050303459167     
  0.7860282         2.10809803009033     
  0.7865167       -0.195552706718445     
  0.7870052        -1.32218468189240     
  0.7874938       -0.111021846532822     
  0.7879823         1.28314554691315     
  0.7884708        0.449383556842804     
  0.7889593        -1.87417578697205     
  0.7894478        -2.64625406265259     
  0.7899364       -0.542540967464447     
  0.7904249         2.17622518539429     
  0.7909134         2.47184014320374     
  0.7914019        0.351876348257065     
  0.7918904        -1.28550887107849     
  0.7923790       -0.529661178588867     
  0.7928675         1.10286235809326     
  0.7933560        0.868313789367676     
  0.7938445        -1.35137867927551     
  0.7943330        -2.73581147193909     
  0.7948216        -1.22279000282288     
  0.7953101         1.67156732082367     
  0.7957986         2.68651437759399     
  0.7962871        0.931388020515442     
  0.7967756        -1.09798264503479     
  0.7972642       -0.893196821212769     
  0.7977527        0.805161714553833     
  0.7982412         1.16155791282654     
  0.7987297       -0.778379082679749     
  0.7992182        -2.64594078063965     
  0.7997068        -1.81726086139679     
  0.8001953         1.05050837993622     
  0.8006838         2.72984218597412     
  0.8011723         1.49574732780457     
  0.8016608       -0.769341409206390     
  0.8021494        -1.16282653808594     
  0.8026379        0.423101067543030     
  0.8031264         1.30984258651733     
  0.8036149       -0.203061431646347     
  0.8041034        -2.38937497138977     
  0.8045920        -2.28516483306885     
  0.8050805        0.355419874191284     
  0.8055690         2.59267711639404     
  0.8060575         1.99768292903900     
  0.8065460       -0.322076678276062     
  0.8070346        -1.30791401863098     
  0.8075231       -2.902908250689507E-003
  0.8080116         1.30692410469055     
  0.8085001        0.328507721424103     
  0.8089886        -1.99156761169434     
  0.8094772        -2.59570217132568     
  0.8099657       -0.364708095788956     
  0.8104542         2.27988004684448     
  0.8109427         2.39381551742554     
  0.8114312        0.210344552993774     
  0.8119197        -1.30888772010803     
  0.8124083       -0.428606182336807     
  0.8128968         1.15997982025146     
  0.8133853        0.774426341056824     
  0.8138738        -1.48849594593048     
  0.8143623        -2.73044967651367     
  0.8148509        -1.05914270877838     
  0.8153394         1.81005179882050     
  0.8158279         2.64828968048096     
  0.8163164        0.786179542541504     
  0.8168049        -1.15865325927734     
  0.8172935       -0.809645295143127     
  0.8177820        0.889004826545715     
  0.8182705         1.10146403312683     
  0.8187590       -0.923616886138916     
  0.8192475        -2.68473482131958     
  0.8197361        -1.67918634414673     
  0.8202246         1.21441602706909     
  0.8207131         2.73581123352051     
  0.8212016         1.35858488082886     
  0.8216901       -0.863475024700165     
  0.8221787        -1.10611701011658     
  0.8226672        0.524323046207428     
  0.8231557         1.28695702552795     
  0.8236442       -0.344468653202057     
  0.8241327        -2.46801376342773     
  0.8246213        -2.18184566497803     
  0.8251098        0.533056735992432     
  0.8255983         2.64382553100586     
  0.8260868         1.88062942028046     
  0.8265753       -0.443246841430664     
  0.8270639        -1.28459990024567     
  0.8275524        0.105417460203171     
  0.8280409         1.32163703441620     
  0.8285294        0.202464759349823     
  0.8290179        -2.10235476493835     
  0.8295065        -2.53411436080933     
  0.8299950       -0.185262098908424     
  0.8304835         2.37382698059082     
  0.8309720         2.30674624443054     
  0.8314605        7.177755236625671E-002
  0.8319491        -1.32275104522705     
  0.8324376       -0.324754446744919     
  0.8329261         1.20929658412933     
  0.8334146        0.673060536384583     
  0.8339031        -1.62195992469788     
  0.8343917        -2.71372127532959     
  0.8348802       -0.891113221645355     
  0.8353687         1.94062066078186     
  0.8358572         2.59958577156067     
  0.8363457        0.640776753425598     
  0.8368343        -1.21022582054138     
  0.8373228       -0.720899999141693     
  0.8378113        0.966831088066101     
  0.8382998         1.03239500522614     
  0.8387883        -1.06795001029968     
  0.8392769        -2.71278715133667     
  0.8397654        -1.53375363349915     
  0.8402539         1.37297487258911     
  0.8407424         2.73049211502075     
  0.8412309         1.21846640110016     
  0.8417194       -0.949897408485413     
  0.8422080        -1.04200708866119     
  0.8426965        0.622118592262268     
  0.8431850         1.25458979606628     
  0.8436735       -0.487934440374374     
  0.8441620        -2.53717923164368     
  0.8446506        -2.06922912597656     
  0.8451391        0.708639562129974     
  0.8456276         2.68378925323486     
  0.8461161         1.75758206844330     
  0.8466046       -0.558481812477112     
  0.8470932        -1.25246381759644     
  0.8475817        0.212868705391884     
  0.8480702         1.32714653015137     
  0.8485587        7.143872976303101E-002
  0.8490472        -2.20592069625854     
  0.8495358        -2.46170091629028     
  0.8500243       -4.996451549232006E-003
  0.8505128         2.45737886428833     
  0.8510013         2.21143436431885     
  0.8514898       -6.360286474227905E-002
  0.8519784        -1.32717669010162     
  0.8524669       -0.218786299228668     
  0.8529554         1.25043153762817     
  0.8534439        0.564680159091949     
  0.8539324        -1.75060462951660     
  0.8544210        -2.68567347526550     
  0.8549095       -0.718869209289551     
  0.8553980         2.06272363662720     
  0.8558865         2.54072856903076     
  0.8563750        0.495926618576050     
  0.8568636        -1.25252103805542     
  0.8573521       -0.627422273159027     
  0.8578406         1.03824889659882     
  0.8583291        0.954723238945007     
  0.8588176        -1.21062695980072     
  0.8593062        -2.72987031936646     
  0.8597947        -1.38158726692200     
  0.8602832         1.52549552917480     
  0.8607717         2.71402215957642     
  0.8612602         1.07590317726135     
  0.8617488        -1.02806496620178     
  0.8622373       -0.970959305763245     
  0.8627258        0.715840399265289     
  0.8632143         1.21281266212463     
  0.8637028       -0.632732331752777     
  0.8641914        -2.59658813476562     
  0.8646799        -1.94761061668396     
  0.8651684        0.881091356277466     
  0.8656569         2.71246433258057     
  0.8661454         1.62921202182770     
  0.8666340       -0.667236328125000     
  0.8671225        -1.21179246902466     
  0.8676110        0.318933963775635     
  0.8680995         1.32324326038361     
  0.8685880       -6.371942162513733E-002
  0.8690766        -2.30168128013611     
  0.8695651        -2.37872552871704     
  0.8700536        0.175291299819946     
  0.8705421         2.53038454055786     
  0.8710306         2.10828566551208     
  0.8715191       -0.195326328277588     
  0.8720077        -1.32221794128418     
  0.8724962       -0.111393585801125     
  0.8729847         1.28304815292358     
  0.8734732        0.449790120124817     
  0.8739617        -1.87396454811096     
  0.8744503        -2.64633297920227     
  0.8749388       -0.543449103832245     
  0.8754273         2.17585134506226     
  0.8759158         2.47209310531616     
  0.8764043        0.352367997169495     
  0.8768929        -1.28541183471680     
  0.8773814       -0.529835641384125     
  0.8778699         1.10275542736053     
  0.8783584        0.868776202201843     
  0.8788469        -1.35090017318726     
  0.8793355        -2.73581051826477     
  0.8798240        -1.22334504127502     
  0.8803125         1.67131781578064     
  0.8808010         2.68657207489014     
  0.8812895        0.931642174720764     
  0.8817781        -1.09764778614044     
  0.8822666       -0.893474280834198     
  0.8827551        0.804863691329956     
  0.8832436         1.16174960136414     
  0.8837321       -0.778123855590820     
  0.8842207        -2.64586353302002     
  0.8847092        -1.81749641895294     
  0.8851977         1.04965364933014     
  0.8856862         2.72980213165283     
  0.8861747         1.49621284008026     
  0.8866633       -0.769003212451935     
  0.8871518        -1.16291928291321     
  0.8876403        0.422920823097229     
  0.8881288         1.30987429618835     
  0.8886173       -0.202341467142105     
  0.8891059        -2.38908886909485     
  0.8895944        -2.28550338745117     
  0.8900829        0.354803502559662     
  0.8905714         2.59257769584656     
  0.8910599         1.99788260459900     
  0.8915485       -0.321859240531921     
  0.8920370        -1.30801057815552     
  0.8925255       -3.275936469435692E-003
  0.8930140         1.30685770511627     
  0.8935025        0.328933894634247     
  0.8939911        -1.99136710166931     
  0.8944796        -2.59580039978027     
  0.8949681       -0.365021765232086     
  0.8954566         2.27953958511353     
  0.8959451         2.39409995079041     
  0.8964337        0.210828036069870     
  0.8969222        -1.30882358551025     
  0.8974107       -0.428786128759384     
  0.8978992         1.15988636016846     
  0.8983877        0.774928152561188     
  0.8988762        -1.48802971839905     
  0.8993648        -2.73048758506775     
  0.8998533        -1.05971515178680     
  0.9003418         1.80981564521790     
  0.9008303         2.64836621284485     
  0.9013188        0.786434710025787     
  0.9018074        -1.15836453437805     
  0.9022959       -0.810087919235229     
  0.9027844        0.888589382171631     
  0.9032729         1.10157752037048     
  0.9037614       -0.923362731933594     
  0.9042500        -2.68467617034912     
  0.9047385        -1.67943513393402     
  0.9052270         1.21358704566956     
  0.9057155         2.73580932617188     
  0.9062040         1.35929715633392     
  0.9066926       -0.863316357135773     
  0.9071811        -1.10622310638428     
  0.9076696        0.524148225784302     
  0.9081581         1.28700542449951     
  0.9086466       -0.343736320734024     
  0.9091352        -2.46763372421265     
  0.9096237        -2.18240022659302     
  0.9101122        0.532746434211731     
  0.9106007         2.64374542236328     
  0.9110892         1.88084030151367     
  0.9115778       -0.443039238452911     
  0.9120663        -1.28474235534668     
  0.9125548        0.104863032698631     
  0.9130433         1.32161915302277     
  0.9135318        0.202690541744232     
  0.9140204        -2.10216641426086     
  0.9145089        -2.53423213958740     
  0.9149974       -0.185577899217606     
  0.9154859         2.37337088584900     
  0.9159744         2.30721473693848     
  0.9164630        7.201826572418213E-002
  0.9169515        -1.32273483276367     
  0.9174400       -0.324938744306564     
  0.9179285         1.20921719074249     
  0.9184170        0.673244595527649     
  0.9189056        -1.62128639221191     
  0.9193941        -2.71383619308472     
  0.9198826       -0.891412138938904     
  0.9203711         1.94039893150330     
  0.9208596         2.59968042373657     
  0.9213482        0.641031682491302     
  0.9218367        -1.20998454093933     
  0.9223252       -0.721368551254272     
  0.9228137        0.966447114944458     
  0.9233022         1.03252387046814     
  0.9237908        -1.06769788265228     
  0.9242793        -2.71274757385254     
  0.9247678        -1.53401494026184     
  0.9252563         1.37217521667480     
  0.9257448         2.73054814338684     
  0.9262334         1.21919322013855     
  0.9267219       -0.949752867221832     
  0.9272104        -1.04212570190430     
  0.9276989        0.621950328350067     
  0.9281874         1.25465488433838     
  0.9286759       -0.487193286418915     
  0.9291645        -2.53684830665588     
  0.9296530        -2.06983113288879     
  0.9301415        0.708333969116211     
  0.9306300         2.68372893333435     
  0.9311185         1.75780296325684     
  0.9316071       -0.558285117149353     
  0.9320956        -1.25265097618103     
  0.9325841        0.212319582700729     
  0.9330726         1.32714223861694     
  0.9335611        7.167232036590576E-002
  0.9340497        -2.20574545860291     
  0.9345382        -2.46183729171753     
  0.9350267       -5.312990862876177E-003
  0.9355152         2.45697617530823     
  0.9360037         2.21194434165955     
  0.9364923       -6.336879730224609E-002
  0.9369808        -1.32717728614807     
  0.9374693       -0.218973696231842     
  0.9379578         1.25036668777466     
  0.9384463        0.564876139163971     
  0.9389349        -1.74995672702789     
  0.9394234        -2.68584656715393     
  0.9399119       -0.719174385070801     
  0.9404004         2.06251716613770     
  0.9408889         2.54084062576294     
  0.9413775        0.496179878711700     
  0.9418660        -1.25245499610901     
  0.9423545       -0.627913534641266     
  0.9428430         1.03789925575256     
  0.9433315        0.954866945743561     
  0.9438201        -1.21037852764130     
  0.9443086        -2.72985005378723     
  0.9447971        -1.38185977935791     
  0.9452856         1.52472829818726     
  0.9457741         2.71413516998291     
  0.9462627         1.07664060592651     
  0.9467512        -1.02793526649475     
  0.9472397       -0.971089839935303     
  0.9477282        0.715679943561554     
  0.9482167         1.21289408206940     
  0.9487053       -0.631986200809479     
  0.9491938        -2.59630846977234     
  0.9496823        -1.94825756549835     
  0.9501708        0.880791962146759     
  0.9506593         2.71242380142212     
  0.9511479         1.62944149971008     
  0.9516364       -0.667051553726196     
  0.9521249        -1.21202266216278     
  0.9526134        0.318393737077713     
  0.9531019         1.32328748703003     
  0.9535905       -6.347909569740295E-002
  0.9540790        -2.30152058601379     
  0.9545675        -2.37888026237488     
  0.9550560        0.174975425004959     
  0.9555445         2.53003692626953     
  0.9560331         2.10883474349976     
  0.9565216       -0.194663465023041     
  0.9570101        -1.32223463058472     
  0.9574986       -0.111582852900028     
  0.9579871         1.28299856185913     
  0.9584756        0.449997067451477     
  0.9589642        -1.87334537506104     
  0.9594527        -2.64656352996826     
  0.9599412       -0.543759226799011     
  0.9604297         2.17566108703613     
  0.9609182         2.47222161293030     
  0.9614068        0.352618366479874     
  0.9618953        -1.28536224365234     
  0.9623838       -0.530346393585205     
  0.9628723         1.10244250297546     
  0.9633608        0.868934035301208     
  0.9638494        -1.35065662860870     
  0.9643379        -2.73580980300903     
  0.9648264        -1.22362768650055     
  0.9653149         1.67106807231903     
  0.9658034         2.68674087524414     
  0.9662920        0.932386398315430     
  0.9667805        -1.09753334522247     
  0.9672690       -0.893615543842316     
  0.9677575        0.804711937904358     
  0.9682460         1.16184735298157     
  0.9687346       -0.777376651763916     
  0.9692231        -2.64563703536987     
  0.9697116        -1.81818580627441     
  0.9702001         1.04936170578003     
  0.9706886         2.72978162765503     
  0.9711772         1.49644982814789     
  0.9716657       -0.768831074237823     
  0.9721542        -1.16319060325623     
  0.9726427        0.422393023967743     
  0.9731312         1.30996727943420     
  0.9736198       -0.202095597982407     
  0.9741083        -2.38894319534302     
  0.9745968        -2.28567552566528     
  0.9750853        0.354489684104919     
  0.9755738         2.59228610992432     
  0.9760624         1.99846744537354     
  0.9765509       -0.321222245693207     
  0.9770394        -1.30804347991943     
  0.9775279       -3.465859917923808E-003
  0.9780164         1.30682373046875     
  0.9785050        0.329150855541229     
  0.9789935        -1.99078035354614     
  0.9794820        -2.59608840942383     
  0.9799705       -0.365940183401108     
  0.9804590         2.27936625480652     
  0.9809476         2.39424467086792     
  0.9814361        0.211074143648148     
  0.9819246        -1.30879068374634     
  0.9824131       -0.429313004016876     
  0.9829016         1.15961241722107     
  0.9833902        0.775099515914917     
  0.9838787        -1.48779225349426     
  0.9843672        -2.73050689697266     
  0.9848557        -1.06000649929047     
  0.9853442         1.80957937240601     
  0.9858328         2.64858961105347     
  0.9863213        0.787181854248047     
  0.9868098        -1.15826594829559     
  0.9872983       -0.810239076614380     
  0.9877868        0.888447463512421     
  0.9882753         1.10169088840485     
  0.9887639       -0.923108458518982     
  0.9892524        -2.68450427055359     
  0.9897409        -1.68016386032104     
  0.9902294         1.21330380439758     
  0.9907179         2.73580884933472     
  0.9912065         1.35954046249390     
  0.9916950       -0.863157689571381     
  0.9921835        -1.10653364658356     
  0.9926720        0.523636400699615     
  0.9931605         1.28714728355408     
  0.9936491       -0.343486189842224     
  0.9941376        -2.46750402450562     
  0.9946261        -2.18258953094482     
  0.9951146        0.532436013221741     
  0.9956031         2.64351105690002     
  0.9960917         1.88145744800568     
  0.9965802       -0.442431330680847     
  0.9970687        -1.28479099273682     
  0.9975572        0.104673698544502     
  0.9980457         1.32160139083862     
  0.9985343        0.202916443347931     
  0.9990228        -2.10161519050598     
  0.9995113        -2.53457617759705     
  0.9999998       -0.186502605676651     
