           1  0.1061608    
           2  0.1079415    
           3  0.1111563    
           4  0.1158780    
           5  0.1198249    
           6  0.1277280    
           7  0.1355322    
           8  0.1442670    
           9  0.1538930    
          10  0.1638554    
          11  0.1746420    
          12  0.1862330    
          13  0.1983744    
          14  0.2109288    
          15  0.2232320    
          16  0.2352311    
          17  0.2486075    
          18  0.2624932    
          19  0.2774049    
          20  0.2912477    
          21  0.3045923    
          22  0.3185417    
          23  0.3309999    
          24  0.3518530    
          25  0.3626824    
          26  0.3805279    
          27  0.3970657    
          28  0.4141355    
          29  0.4290654    
          30  0.4459043    
          31  0.4635599    
          32  0.4800217    
          33  0.4993259    
          34  0.5170324    
          35  0.5354500    
          36  0.5536867    
          37  0.5729221    
          38  0.5932588    
          39  0.6135749    
          40  0.6345153    
          41  0.6555741    
          42  0.6761078    
          43  0.6977057    
          44  0.7198131    
          45  0.7454043    
          46  0.7709607    
          47  0.7972699    
          48  0.8231080    
          49  0.8480866    
          50  0.8739098    
          51  0.9016842    
          52  0.9314866    
          53  0.9605340    
          54  0.9919434    
          55   1.023477    
          56   1.055238    
          57   1.089253    
          58   1.125099    
          59   1.160618    
          60   1.198938    
          61   1.237699    
          62   1.278439    
          63   1.320022    
          64   1.364543    
          65   1.410062    
          66   1.457973    
          67   1.506146    
          68   1.559257    
          69   1.614651    
          70   1.671712    
          71   1.731196    
          72   1.794170    
          73   1.859937    
          74   1.929289    
          75   2.003170    
          76   2.080051    
          77   2.162234    
          78   2.247946    
          79   2.340900    
          80   2.438353    
          81   2.542807    
          82   2.653562    
          83   2.772041    
          84   2.899592    
          85   3.036434    
          86   3.185362    
          87   3.344435    
          88   3.516289    
          89   3.703416    
          90   3.907807    
          91   4.132705    
          92   4.380411    
          93   4.653631    
          94   4.957623    
          95   5.295990    
          96   5.676714    
          97   6.107673    
          98   6.600294    
          99   7.169394    
         100   7.831348    
         101   8.612219    
         102   9.545548    
         103   10.68178    
         104   12.09609    
         105   13.90087    
         106   16.29016    
         107   19.59834    
         108   24.47492    
         109   32.37589    
         110   47.36464    
         111   86.71182    
         112   467.3341    
         113   141.4139    
         114   62.09195    
         115   40.06110    
         116   29.72740    
         117   23.73473    
         118   19.82521    
         119   17.07472    
         120   15.03412    
         121   13.46073    
         122   12.21074    
         123   11.19482    
         124   10.35377    
         125   9.646521    
         126   9.044065    
         127   8.525871    
         128   8.074590    
         129   7.680206    
         130   7.330082    
         131   7.019763    
         132   6.742960    
         133   6.496356    
         134   6.269258    
         135   6.068696    
         136   5.884680    
         137   5.718168    
         138   5.565946    
         139   5.425645    
         140   5.299611    
         141   5.182731    
         142   5.076677    
         143   4.979085    
         144   4.889704    
         145   4.808211    
         146   4.732914    
         147   4.664656    
         148   4.602095    
         149   4.545150    
         150   4.494269    
         151   4.447948    
         152   4.407351    
         153   4.370228    
         154   4.338055    
         155   4.309824    
         156   4.286323    
         157   4.268672    
         158   4.251518    
         159   4.243723    
         160   4.235451    
         161   4.231286    
         162   4.232314    
         163   4.239378    
         164   4.248961    
         165   4.263216    
         166   4.282557    
         167   4.304670    
         168   4.334525    
         169   4.369101    
         170   4.409054    
         171   4.454354    
         172   4.506281    
         173   4.565993    
         174   4.633717    
         175   4.708974    
         176   4.793046    
         177   4.885773    
         178   4.991477    
         179   5.107399    
         180   5.241422    
         181   5.391923    
         182   5.561418    
         183   5.751822    
         184   5.965750    
         185   6.208879    
         186   6.488348    
         187   6.811444    
         188   7.184317    
         189   7.622931    
         190   8.142073    
         191   8.765358    
         192   9.527061    
         193   10.47684    
         194   11.68749    
         195   13.28436    
         196   15.48081    
         197   18.68825    
         198   23.80202    
         199   33.22260    
         200   56.27913    
         201   199.3026    
         202   122.6327    
         203   45.97870    
         204   27.95623    
         205   19.91285    
         206   15.36093    
         207   12.43517    
         208   10.39882    
         209   8.901481    
         210   7.755586    
         211   6.851924    
         212   6.120447    
         213   5.518734    
         214   5.013155    
         215   4.585104    
         216   4.217206    
         217   3.898550    
         218   3.619658    
         219   3.374303    
         220   3.157792    
         221   2.962656    
         222   2.791144    
         223   2.635315    
         224   2.494095    
         225   2.365797    
         226   2.248931    
         227   2.143791    
         228   2.047831    
         229   1.959849    
         230   1.878811    
         231   1.803723    
         232   1.735067    
         233   1.672262    
         234   1.614641    
         235   1.561219    
         236   1.511411    
         237   1.466027    
         238   1.423934    
         239   1.385248    
         240   1.350211    
         241   1.317652    
         242   1.285979    
         243   1.257927    
         244   1.234864    
         245   1.212488    
         246   1.196268    
         247   1.171517    
         248   1.159667    
         249   1.143076    
         250   1.130136    
         251   1.117514    
         252   1.109126    
         253   1.101828    
         254   1.096468    
         255   1.092117    
         256   1.089244    
         257   1.088538    
