  0.0000000E+00    0.997452020645142     
  2.4425990E-03    0.968557178974152     
  4.8851981E-03     1.01246476173401     
  7.3277969E-03    0.941975951194763     
  9.7703962E-03    0.996269285678864     
  1.2212995E-02    0.947311341762543     
  1.4655595E-02    0.920056045055389     
  1.7098194E-02    0.996496498584747     
  1.9540792E-02     1.02485489845276     
  2.1983391E-02     1.08081150054932     
  2.4425989E-02    0.995230555534363     
  2.6868587E-02    0.962875962257385     
  2.9311186E-02    0.915955603122711     
  3.1753786E-02    0.944901466369629     
  3.4196384E-02     1.07253682613373     
  3.6638983E-02     1.02096128463745     
  3.9081581E-02    0.984216570854187     
  4.1524179E-02     1.02324306964874     
  4.3966778E-02    0.954901754856110     
  4.6409376E-02     1.00481879711151     
  4.8851974E-02     1.08018755912781     
  5.1294573E-02     1.03904592990875     
  5.3737171E-02     1.03078162670135     
  5.6179769E-02    0.989920198917389     
  5.8622368E-02     1.02127695083618     
  6.1064966E-02     1.00467419624329     
  6.3507564E-02     1.04904437065125     
  6.5950163E-02     1.00235235691071     
  6.8392761E-02     1.01791226863861     
  7.0835359E-02    0.998063623905182     
  7.3277958E-02    0.999725282192230     
  7.5720556E-02    0.955896377563477     
  7.8163154E-02    0.919571995735168     
  8.0605753E-02     1.05391383171082     
  8.3048351E-02    0.972657442092896     
  8.5490949E-02     1.06228792667389     
  8.7933548E-02    0.976613879203796     
  9.0376146E-02     1.05676853656769     
  9.2818744E-02     1.05350124835968     
  9.5261343E-02    0.966819882392883     
  9.7703941E-02    0.939216434955597     
  0.1001465        0.990667760372162     
  0.1025891        0.953519582748413     
  0.1050317        0.966442167758942     
  0.1074743         1.04126071929932     
  0.1099169         1.00523376464844     
  0.1123595         1.03719186782837     
  0.1148021         1.03250658512115     
  0.1172447        0.990426778793335     
  0.1196873        0.981008529663086     
  0.1221299        0.951535582542419     
  0.1245725         1.00837910175323     
  0.1270151         1.00052285194397     
  0.1294577         1.00019299983978     
  0.1319003        0.971925854682922     
  0.1343429         1.02464663982391     
  0.1367855        0.986080646514893     
  0.1392281         1.06224918365479     
  0.1416707         1.00280630588531     
  0.1441133        0.998070120811462     
  0.1465559        0.986982524394989     
  0.1489985        0.973732590675354     
  0.1514411         1.03255045413971     
  0.1538837        0.926565825939178     
  0.1563263        0.984003603458405     
  0.1587689         1.00983226299286     
  0.1612115        0.977630972862244     
  0.1636541        0.938329696655273     
  0.1660967        0.910367190837860     
  0.1685393        0.972330093383789     
  0.1709819         1.04244172573090     
  0.1734245         1.00544488430023     
  0.1758671         1.02329874038696     
  0.1783097        0.966481864452362     
  0.1807523        0.939291179180145     
  0.1831949         1.01144361495972     
  0.1856375         1.01008653640747     
  0.1880801        0.987685561180115     
  0.1905227         1.05771327018738     
  0.1929653        0.938432991504669     
  0.1954079        0.975094616413116     
  0.1978505         1.01143121719360     
  0.2002931        0.999799013137817     
  0.2027357        0.901019811630249     
  0.2051783        0.939059853553772     
  0.2076209        0.996412158012390     
  0.2100635         1.05121874809265     
  0.2125061        0.941162824630737     
  0.2149487        0.990553319454193     
  0.2173913         1.04720830917358     
  0.2198339        0.984872996807098     
  0.2222765         1.02088332176208     
  0.2247191        0.922123849391937     
  0.2271617        0.958942711353302     
  0.2296043        0.956072211265564     
  0.2320469        0.990865170955658     
  0.2344895        0.993850409984589     
  0.2369321         1.04642939567566     
  0.2393747        0.985215306282043     
  0.2418173         1.04471683502197     
  0.2442598         1.01146399974823     
  0.2467024        0.915561795234680     
  0.2491450        0.983257055282593     
  0.2515877        0.974135875701904     
  0.2540303        0.912370085716248     
  0.2564729        0.975057005882263     
  0.2589155        0.923904657363892     
  0.2613581        0.905218601226807     
  0.2638007         1.01708793640137     
  0.2662432        0.938162028789520     
  0.2686858        0.926283776760101     
  0.2711284        0.949148595333099     
  0.2735710        0.920268893241882     
  0.2760136        0.906294822692871     
  0.2784562        0.969603657722473     
  0.2808988        0.905446767807007     
  0.2833414        0.969176769256592     
  0.2857840        0.989870131015778     
  0.2882266        0.992534160614014     
  0.2906692        0.896967768669128     
  0.2931118        0.973216533660889     
  0.2955544        0.952530145645142     
  0.2979970        0.910957813262939     
  0.3004396        0.941092252731323     
  0.3028822        0.935493767261505     
  0.3053248        0.969964206218719     
  0.3077674        0.937182664871216     
  0.3102100        0.951556324958801     
  0.3126526        0.991921544075012     
  0.3150952        0.945327281951904     
  0.3175378        0.932926714420319     
  0.3199804        0.943762540817261     
  0.3224230        0.927792072296143     
  0.3248656        0.957987129688263     
  0.3273082        0.904570579528809     
  0.3297508         1.03606975078583     
  0.3321934        0.985098242759705     
  0.3346360        0.868290007114410     
  0.3370786        0.979675769805908     
  0.3395212         1.00291752815247     
  0.3419638        0.913915038108826     
  0.3444064        0.995288729667664     
  0.3468490        0.926372051239014     
  0.3492916         1.01446771621704     
  0.3517342        0.944404244422913     
  0.3541768        0.987015843391418     
  0.3566194        0.957137584686279     
  0.3590620         1.01962530612946     
  0.3615046        0.987477838993073     
  0.3639472        0.942423105239868     
  0.3663898        0.936647117137909     
  0.3688324        0.972710549831390     
  0.3712750        0.897631883621216     
  0.3737176        0.927388727664948     
  0.3761602        0.931286156177521     
  0.3786028        0.908237636089325     
  0.3810454        0.983310103416443     
  0.3834880        0.940335273742676     
  0.3859306        0.980581760406494     
  0.3883732         1.00660896301270     
  0.3908158        0.997448503971100     
  0.3932584        0.932606220245361     
  0.3957010        0.981546938419342     
  0.3981436        0.940133631229401     
  0.4005862        0.930492997169495     
  0.4030288        0.887177586555481     
  0.4054714        0.851088047027588     
  0.4079140        0.878282248973846     
  0.4103566        0.928579568862915     
  0.4127991        0.938096344470978     
  0.4152417        0.898967921733856     
  0.4176843        0.884853065013885     
  0.4201269        0.921354413032532     
  0.4225695        0.846367239952087     
  0.4250121        0.869043529033661     
  0.4274547        0.967121362686157     
  0.4298973        0.837521970272064     
  0.4323399        0.941002428531647     
  0.4347825        0.874056816101074     
  0.4372251        0.819164931774139     
  0.4396677        0.880528748035431     
  0.4421103        0.915545046329498     
  0.4445529        0.959963262081146     
  0.4469955        0.945375025272369     
  0.4494381        0.910197079181671     
  0.4518807        0.888758540153503     
  0.4543233        0.972376465797424     
  0.4567659        0.960586786270142     
  0.4592085        0.870970547199249     
  0.4616511        0.881438553333282     
  0.4640937        0.855442285537720     
  0.4665363        0.888541340827942     
  0.4689789        0.819759905338287     
  0.4714215        0.927060782909393     
  0.4738641        0.903263509273529     
  0.4763067        0.901334524154663     
  0.4787493        0.854835152626038     
  0.4811919        0.944418489933014     
  0.4836345        0.824624180793762     
  0.4860771        0.904887259006500     
  0.4885197        0.897063493728638     
  0.4909623        0.821284353733063     
  0.4934049        0.884150087833405     
  0.4958475        0.866278827190399     
  0.4982901        0.919355034828186     
  0.5007327        0.906756997108459     
  0.5031753        0.885845124721527     
  0.5056179        0.881429553031921     
  0.5080605        0.852299928665161     
  0.5105031        0.858192265033722     
  0.5129457        0.851776182651520     
  0.5153883        0.875804901123047     
  0.5178309        0.825353860855103     
  0.5202735        0.862113177776337     
  0.5227161        0.927073121070862     
  0.5251587        0.879687547683716     
  0.5276013        0.816628873348236     
  0.5300439        0.838024854660034     
  0.5324865        0.883587539196014     
  0.5349291        0.833470880985260     
  0.5373717        0.876853585243225     
  0.5398143        0.923132717609406     
  0.5422569        0.845312178134918     
  0.5446995        0.896302461624146     
  0.5471421        0.850156426429749     
  0.5495847        0.844291448593140     
  0.5520273        0.857289671897888     
  0.5544699        0.775364339351654     
  0.5569125        0.761614501476288     
  0.5593551        0.789103031158447     
  0.5617977        0.802289724349976     
  0.5642403        0.844413638114929     
  0.5666829        0.875280499458313     
  0.5691255        0.837886452674866     
  0.5715681        0.830067455768585     
  0.5740107        0.800025403499603     
  0.5764533        0.909607708454132     
  0.5788959        0.771909117698669     
  0.5813385        0.894646108150482     
  0.5837811        0.830364584922791     
  0.5862237        0.921267211437225     
  0.5886663        0.787852287292480     
  0.5911089        0.875235795974731     
  0.5935515        0.879604876041412     
  0.5959941        0.820651710033417     
  0.5984367        0.813934147357941     
  0.6008793        0.755310237407684     
  0.6033219        0.852916598320007     
  0.6057644        0.845299124717712     
  0.6082070        0.866986274719238     
  0.6106496        0.858654677867889     
  0.6130922        0.834948003292084     
  0.6155348        0.832719743251801     
  0.6179774        0.866167366504669     
  0.6204200        0.777135193347931     
  0.6228626        0.795846581459045     
  0.6253052        0.822763323783875     
  0.6277478        0.768980145454407     
  0.6301904        0.803282737731934     
  0.6326330        0.786991059780121     
  0.6350756        0.846721887588501     
  0.6375182        0.755972743034363     
  0.6399608        0.785771906375885     
  0.6424034        0.778292715549469     
  0.6448460        0.828446269035339     
  0.6472886        0.871428906917572     
  0.6497312        0.850751221179962     
  0.6521738        0.793989896774292     
  0.6546164        0.786132156848907     
  0.6570590        0.794430017471313     
  0.6595016        0.849156260490417     
  0.6619442        0.699937105178833     
  0.6643868        0.785475850105286     
  0.6668294        0.777160882949829     
  0.6692720        0.804896771907806     
  0.6717146        0.787898540496826     
  0.6741572        0.740683376789093     
  0.6765998        0.771313071250916     
  0.6790424        0.704892635345459     
  0.6814850        0.781105577945709     
  0.6839276        0.806365132331848     
  0.6863702        0.748805820941925     
  0.6888128        0.775529026985168     
  0.6912554        0.756032109260559     
  0.6936980        0.734385848045349     
  0.6961406        0.685320794582367     
  0.6985832        0.818780422210693     
  0.7010258        0.745361506938934     
  0.7034684        0.770128428936005     
  0.7059110        0.771948158740997     
  0.7083536        0.714273750782013     
  0.7107962        0.819661974906921     
  0.7132388        0.699730992317200     
  0.7156814        0.743604600429535     
  0.7181240        0.805425405502319     
  0.7205666        0.740533471107483     
  0.7230092        0.665238678455353     
  0.7254518        0.821950018405914     
  0.7278944        0.787562191486359     
  0.7303370        0.739888429641724     
  0.7327796        0.717556834220886     
  0.7352222        0.781384825706482     
  0.7376648        0.761720299720764     
  0.7401074        0.822981536388397     
  0.7425500        0.730489134788513     
  0.7449926        0.747318029403687     
  0.7474352        0.790334105491638     
  0.7498778        0.695519745349884     
  0.7523203        0.689690530300140     
  0.7547629        0.694187283515930     
  0.7572055        0.746401309967041     
  0.7596481        0.675076782703400     
  0.7620907        0.716210603713989     
  0.7645333        0.691512465476990     
  0.7669759        0.667454779148102     
  0.7694185        0.682271063327789     
  0.7718611        0.693660974502563     
  0.7743037        0.723443269729614     
  0.7767463        0.699953079223633     
  0.7791889        0.703559041023254     
  0.7816315        0.677653551101685     
  0.7840741        0.738851904869080     
  0.7865167        0.688500344753265     
  0.7889593        0.697531104087830     
  0.7914019        0.752158463001251     
  0.7938445        0.698386013507843     
  0.7962871        0.647100329399109     
  0.7987297        0.700952947139740     
  0.8011723        0.659661293029785     
  0.8036149        0.704168021678925     
  0.8060575        0.671207010746002     
  0.8085001        0.659860312938690     
  0.8109427        0.674859941005707     
  0.8133853        0.724199354648590     
  0.8158279        0.677158117294312     
  0.8182705        0.622824668884277     
  0.8207131        0.721950471401215     
  0.8231557        0.728856563568115     
  0.8255983        0.718737304210663     
  0.8280409        0.729516625404358     
  0.8304835        0.732579469680786     
  0.8329261        0.674180269241333     
  0.8353687        0.700940489768982     
  0.8378113        0.584164381027222     
  0.8402539        0.687229990959167     
  0.8426965        0.667742431163788     
  0.8451391        0.625987887382507     
  0.8475817        0.655729532241821     
  0.8500243        0.606672763824463     
  0.8524669        0.638189613819122     
  0.8549095        0.602496802806854     
  0.8573521        0.593124210834503     
  0.8597947        0.634248971939087     
  0.8622373        0.616369366645813     
  0.8646799        0.676011741161346     
  0.8671225        0.703707695007324     
  0.8695651        0.649350166320801     
  0.8720077        0.678844869136810     
  0.8744503        0.713377535343170     
  0.8768929        0.558122158050537     
  0.8793355        0.583059966564178     
  0.8817781        0.614977896213531     
  0.8842207        0.708829760551453     
  0.8866633        0.609324812889099     
  0.8891059        0.607472717761993     
  0.8915485        0.596032023429871     
  0.8939911        0.632740795612335     
  0.8964337        0.615807056427002     
  0.8988762        0.636596441268921     
  0.9013188        0.682086467742920     
  0.9037614        0.597737669944763     
  0.9062040        0.569101035594940     
  0.9086466        0.660197734832764     
  0.9110892        0.643371582031250     
  0.9135318        0.535761475563049     
  0.9159744        0.662154853343964     
  0.9184170        0.568138957023621     
  0.9208596        0.562269806861877     
  0.9233022        0.628544032573700     
  0.9257448        0.615767717361450     
  0.9281874        0.568421781063080     
  0.9306300        0.559637129306793     
  0.9330726        0.604605019092560     
  0.9355152        0.623947739601135     
  0.9379578        0.495951622724533     
  0.9404004        0.590769886970520     
  0.9428430        0.618387699127197     
  0.9452856        0.664729118347168     
  0.9477282        0.551149189472198     
  0.9501708        0.579660117626190     
  0.9526134        0.570872604846954     
  0.9550560        0.502810299396515     
  0.9574986        0.595695495605469     
  0.9599412        0.527225375175476     
  0.9623838        0.630561888217926     
  0.9648264        0.499084472656250     
  0.9672690        0.583667576313019     
  0.9697116        0.547875404357910     
  0.9721542        0.616847872734070     
  0.9745968        0.598577141761780     
  0.9770394        0.617381155490875     
  0.9794820        0.533252716064453     
  0.9819246        0.632691383361816     
  0.9843672        0.582180261611938     
  0.9868098        0.518981277942657     
  0.9892524        0.502595305442810     
  0.9916950        0.505990624427795     
  0.9941376        0.544209122657776     
  0.9965802        0.552193760871887     
  0.9990228        0.512918233871460     
   1.001465        0.462979555130005     
   1.003908        0.492123037576675     
   1.006351        0.519775629043579     
   1.008793        0.527712583541870     
   1.011236        0.529358744621277     
   1.013678        0.495003759860992     
   1.016121        0.548209071159363     
   1.018564        0.614789724349976     
   1.021006        0.531451046466827     
   1.023449        0.567970871925354     
   1.025891        0.559539914131165     
   1.028334        0.545944213867188     
   1.030777        0.536336123943329     
   1.033219        0.543641984462738     
   1.035662        0.562520265579224     
   1.038104        0.453933715820312     
   1.040547        0.514317810535431     
   1.042990        0.519908308982849     
   1.045432        0.584604263305664     
   1.047875        0.459206789731979     
   1.050317        0.469726026058197     
   1.052760        0.501625418663025     
   1.055203        0.494326770305634     
   1.057645        0.574602663516998     
   1.060088        0.413259834051132     
   1.062530        0.471447914838791     
   1.064973        0.417549252510071     
   1.067416        0.497371971607208     
   1.069858        0.509770810604095     
   1.072301        0.458544373512268     
   1.074743        0.457592159509659     
   1.077186        0.493543744087219     
   1.079629        0.407066136598587     
   1.082071        0.417946368455887     
   1.084514        0.452771663665771     
   1.086956        0.395820766687393     
   1.089399        0.552274823188782     
   1.091842        0.463387370109558     
   1.094284        0.401914298534393     
   1.096727        0.393014192581177     
   1.099169        0.461116224527359     
   1.101612        0.508177995681763     
   1.104055        0.532099246978760     
   1.106497        0.449062973260880     
   1.108940        0.497229665517807     
   1.111382        0.485091030597687     
   1.113825        0.490974903106689     
   1.116268        0.377032339572906     
   1.118710        0.379371315240860     
   1.121153        0.355700552463531     
   1.123595        0.465655952692032     
   1.126038        0.437850058078766     
   1.128481        0.410165697336197     
   1.130923        0.441040217876434     
   1.133366        0.373497307300568     
   1.135808        0.435654371976852     
   1.138251        0.461420655250549     
   1.140694        0.471570909023285     
   1.143136        0.412307709455490     
   1.145579        0.383812248706818     
   1.148021        0.361289590597153     
   1.150464        0.491210788488388     
   1.152907        0.389428585767746     
   1.155349        0.475935816764832     
   1.157792        0.407182008028030     
   1.160234        0.454019337892532     
   1.162677        0.340762615203857     
   1.165120        0.414972573518753     
   1.167562        0.355321764945984     
   1.170005        0.413180381059647     
   1.172447        0.424966782331467     
   1.174890        0.386809021234512     
   1.177333        0.374180972576141     
   1.179775        0.394562780857086     
   1.182218        0.349140346050262     
   1.184660        0.361235648393631     
   1.187103        0.356858760118484     
   1.189546        0.450584053993225     
   1.191988        0.437449574470520     
   1.194431        0.352577626705170     
   1.196873        0.431021511554718     
   1.199316        0.366875022649765     
   1.201759        0.366362273693085     
   1.204201        0.369015455245972     
   1.206644        0.323877990245819     
   1.209086        0.421351462602615     
   1.211529        0.403124004602432     
   1.213971        0.368484735488892     
   1.216414        0.284057140350342     
   1.218857        0.382226854562759     
   1.221299        0.381157815456390     
   1.223742        0.350852757692337     
   1.226184        0.346532076597214     
   1.228627        0.305857986211777     
   1.231070        0.366424411535263     
   1.233512        0.402930617332458     
   1.235955        0.286314904689789     
   1.238397        0.377814322710037     
   1.240840        0.332733005285263     
   1.243283        0.376052081584930     
   1.245725        0.413262695074081     
   1.248168        0.386306583881378     
   1.250610        0.332288712263107     
   1.253053        0.326565861701965     
   1.255496        0.246472060680389     
   1.257938        0.330639660358429     
   1.260381        0.273763090372086     
   1.262823        0.365666091442108     
   1.265266        0.320834904909134     
   1.267709        0.320305556058884     
   1.270151        0.327870696783066     
   1.272594        0.333979785442352     
   1.275036        0.258755266666412     
   1.277479        0.312257975339890     
   1.279922        0.305149227380753     
   1.282364        0.319424659013748     
   1.284807        0.225371286273003     
   1.287249        0.357047975063324     
   1.289692        0.291862070560455     
   1.292135        0.295866787433624     
   1.294577        0.237147450447083     
   1.297020        0.301499158143997     
   1.299462        0.318055599927902     
   1.301905        0.274662256240845     
   1.304348        0.240017399191856     
   1.306790        0.235981956124306     
   1.309233        0.261308401823044     
   1.311675        0.303662240505219     
   1.314118        0.253246694803238     
   1.316561        0.306808084249496     
   1.319003        0.238481834530830     
   1.321446        0.256607830524445     
   1.323888        0.288481473922729     
   1.326331        0.297711163759232     
   1.328774        0.231035292148590     
   1.331216        0.191172957420349     
   1.333659        0.308426737785339     
   1.336101        0.248895451426506     
   1.338544        0.246080338954926     
   1.340987        0.236556574702263     
   1.343429        0.159891143441200     
   1.345872        0.205980792641640     
   1.348314        0.194856613874435     
   1.350757        0.179760903120041     
   1.353200        0.200700178742409     
   1.355642        0.159342944622040     
   1.358085        0.255451619625092     
   1.360527        0.258842170238495     
   1.362970        0.159993633627892     
   1.365413        0.118845812976360     
   1.367855        0.150830760598183     
   1.370298        0.207598119974136     
   1.372740        0.178299516439438     
   1.375183        0.191142603754997     
   1.377626        0.206545203924179     
   1.380068        0.170917734503746     
   1.382511        0.234201967716217     
   1.384953        0.163761973381042     
   1.387396        0.269111871719360     
   1.389839        0.148063361644745     
   1.392281        0.231298893690109     
   1.394724        0.154149338603020     
   1.397166        0.129719763994217     
   1.399609        0.211675181984901     
   1.402052        0.117911785840988     
   1.404494        0.120132416486740     
   1.406937        0.114345222711563     
   1.409379        0.206646934151649     
   1.411822        0.145847350358963     
   1.414265        0.150916233658791     
   1.416707        0.112609744071960     
   1.419150        0.186692997813225     
   1.421592        0.137752428650856     
   1.424035        9.318852424621582E-002
   1.426478        0.143257215619087     
   1.428920        0.115108206868172     
   1.431363        0.161335825920105     
   1.433805        0.192151769995689     
   1.436248        0.170270383358002     
   1.438691        0.135982155799866     
   1.441133        9.001100808382034E-002
   1.443576        0.116885781288147     
   1.446018        4.908550530672073E-002
   1.448461        0.139548018574715     
   1.450904        0.142556756734848     
   1.453346        3.582835942506790E-002
   1.455789        0.142901331186295     
   1.458231        7.138700783252716E-002
   1.460674        6.205855309963226E-002
   1.463117        0.151727259159088     
   1.465559        0.139276057481766     
   1.468002        0.127985298633575     
   1.470444        0.100821115076542     
   1.472887        8.747366815805435E-002
   1.475330        0.117262445390224     
   1.477772        8.636990189552307E-002
   1.480215        6.732004135847092E-002
   1.482657        4.576073214411736E-002
   1.485100        3.098040819168091E-002
   1.487543        6.090548262000084E-002
   1.489985        7.724091410636902E-004
   1.492428        1.619321107864380E-002
   1.494870        7.865990698337555E-002
   1.497313        0.114885553717613     
   1.499756        6.558738648891449E-003
   1.502198        5.282862856984138E-002
   1.504641        5.710227414965630E-002
   1.507083        3.311644494533539E-002
   1.509526        0.105262815952301     
   1.511968        1.810517907142639E-002
   1.514411        2.278011664748192E-002
   1.516854        7.920096069574356E-002
   1.519296        6.094524264335632E-002
   1.521739        6.908556073904037E-002
   1.524181        2.159544639289379E-002
   1.526624       -2.367213740944862E-002
   1.529067        6.153926253318787E-003
   1.531509        6.716467440128326E-002
   1.533952        4.727081209421158E-002
   1.536394       -3.601850941777229E-002
   1.538837        3.611706197261810E-004
   1.541280        1.977751217782497E-002
   1.543722        5.067431926727295E-002
   1.546165        0.120671704411507     
   1.548607       -2.207108773291111E-002
   1.551050        3.298811241984367E-002
   1.553493        2.314397133886814E-002
   1.555935        2.255247347056866E-002
   1.558378        3.077367879450321E-002
   1.560820        3.136696293950081E-002
   1.563263        5.350884422659874E-002
   1.565706       -5.126720666885376E-002
   1.568148        1.695858780294657E-003
   1.570591       -8.919667452573776E-002
   1.573033       -4.074147343635559E-002
   1.575476       -3.449682891368866E-002
   1.577919       -8.851733803749084E-002
   1.580361       -3.154648467898369E-002
   1.582804       -6.349927932024002E-002
   1.585246       -7.732432335615158E-002
   1.587689        2.933183684945107E-002
   1.590132       -9.736321866512299E-002
   1.592574       -3.593257069587708E-002
   1.595017        1.342833414673805E-002
   1.597459       -2.440564706921577E-002
   1.599902       -2.948890440165997E-002
   1.602345       -3.381449356675148E-002
   1.604787       -3.937884792685509E-002
   1.607230        1.687743514776230E-002
   1.609672       -1.250780373811722E-002
   1.612115       -6.444133818149567E-003
   1.614558        3.231113031506538E-002
   1.617000       -0.108203276991844     
   1.619443       -3.802249580621719E-002
   1.621885       -4.086995124816895E-002
   1.624328       -7.410125434398651E-002
   1.626771       -5.102331936359406E-002
   1.629213       -4.653547704219818E-002
   1.631656       -6.004271283745766E-002
   1.634098        4.532083868980408E-003
   1.636541       -9.970838576555252E-002
   1.638984       -7.462456822395325E-002
   1.641426       -7.161515206098557E-002
   1.643869       -8.711890876293182E-002
   1.646311       -8.787312358617783E-002
   1.648754       -0.146713703870773     
   1.651197       -0.170438915491104     
   1.653639       -0.103432454168797     
   1.656082       -1.292070001363754E-002
   1.658524       -6.677836924791336E-002
   1.660967       -0.169158548116684     
   1.663410       -5.562346428632736E-002
   1.665852       -1.229357719421387E-002
   1.668295       -0.129099115729332     
   1.670737       -0.124187543988228     
   1.673180       -0.114709131419659     
   1.675623       -0.114480309188366     
   1.678065       -0.100993655622005     
   1.680508       -9.867680072784424E-002
   1.682950       -0.129123628139496     
   1.685393       -6.108004972338676E-002
   1.687836       -8.181634545326233E-002
   1.690278       -6.646353751420975E-002
   1.692721       -0.142807543277740     
   1.695163       -0.116951465606689     
   1.697606       -7.107341289520264E-002
   1.700049       -0.128364026546478     
   1.702491       -0.120385169982910     
   1.704934       -0.151210278272629     
   1.707376       -8.901177346706390E-002
   1.709819       -0.132402524352074     
   1.712262       -8.697466552257538E-002
   1.714704       -0.233509778976440     
   1.717147       -0.179634362459183     
   1.719589       -0.187699645757675     
   1.722032       -0.183598801493645     
   1.724475       -0.128593340516090     
   1.726917       -0.134927630424500     
   1.729360       -0.177271276712418     
   1.731802       -0.190428704023361     
   1.734245       -0.147454246878624     
   1.736688       -0.150313094258308     
   1.739130       -0.240135580301285     
   1.741573       -0.212268814444542     
   1.744015       -0.218891248106956     
   1.746458       -0.262816369533539     
   1.748901       -0.152354761958122     
   1.751343       -0.232302352786064     
   1.753786       -0.119647316634655     
   1.756228       -0.197945803403854     
   1.758671       -0.132959604263306     
   1.761114       -0.181658759713173     
   1.763556       -0.178260296583176     
   1.765999       -0.177101969718933     
   1.768441       -0.251593321561813     
   1.770884       -0.139642864465714     
   1.773327       -0.258499771356583     
   1.775769       -0.246018499135971     
   1.778212       -0.197304055094719     
   1.780654       -0.207649320363998     
   1.783097       -0.222720101475716     
   1.785540       -0.187364965677261     
   1.787982       -0.232044294476509     
   1.790425       -0.277516573667526     
   1.792867       -0.228588432073593     
   1.795310       -0.259812772274017     
   1.797752       -0.283379197120667     
   1.800195       -0.163844242691994     
   1.802638       -0.217788711190224     
   1.805080       -0.190347552299500     
   1.807523       -0.224040850996971     
   1.809965       -0.190520837903023     
   1.812408       -0.233532473444939     
   1.814851       -0.191001325845718     
   1.817293       -0.250583231449127     
   1.819736       -0.168867245316505     
   1.822178       -0.290568321943283     
   1.824621       -0.284495383501053     
   1.827064       -0.273672461509705     
   1.829506       -0.234194830060005     
   1.831949       -0.216228529810905     
   1.834391       -0.273001194000244     
   1.836834       -0.344264417886734     
   1.839277       -0.187022030353546     
   1.841719       -0.187539145350456     
   1.844162       -0.320605397224426     
   1.846604       -0.312943577766418     
   1.849047       -0.279973447322845     
   1.851490       -0.341062128543854     
   1.853932       -0.272165507078171     
   1.856375       -0.343107134103775     
   1.858817       -0.265347301959991     
   1.861260       -0.278041243553162     
   1.863703       -0.339540511369705     
   1.866145       -0.293066084384918     
   1.868588       -0.298472017049789     
   1.871030       -0.303937524557114     
   1.873473       -0.341784358024597     
   1.875916       -0.370411455631256     
   1.878358       -0.266111761331558     
   1.880801       -0.312268644571304     
   1.883243       -0.327488571405411     
   1.885686       -0.289014786481857     
   1.888129       -0.296067833900452     
   1.890571       -0.276024192571640     
   1.893014       -0.292338699102402     
   1.895456       -0.379912406206131     
   1.897899       -0.284807443618774     
   1.900342       -0.411462366580963     
   1.902784       -0.313758105039597     
   1.905227       -0.303963482379913     
   1.907669       -0.310946464538574     
   1.910112       -0.387520134449005     
   1.912555       -0.336825221776962     
   1.914997       -0.318703174591064     
   1.917440       -0.310574948787689     
   1.919882       -0.366009980440140     
   1.922325       -0.390226751565933     
   1.924768       -0.346697509288788     
   1.927210       -0.356715321540833     
   1.929653       -0.352323174476624     
   1.932095       -0.365563035011292     
   1.934538       -0.374106317758560     
   1.936981       -0.351521551609039     
   1.939423       -0.345816791057587     
   1.941866       -0.299815237522125     
   1.944308       -0.375049859285355     
   1.946751       -0.393850952386856     
   1.949194       -0.402297496795654     
   1.951636       -0.437091469764709     
   1.954079       -0.372556388378143     
   1.956521       -0.419177830219269     
   1.958964       -0.378619164228439     
   1.961407       -0.402478635311127     
   1.963849       -0.450858950614929     
   1.966292       -0.343777894973755     
   1.968734       -0.319106251001358     
   1.971177       -0.434748947620392     
   1.973620       -0.341931939125061     
   1.976062       -0.357237249612808     
   1.978505       -0.395710915327072     
   1.980947       -0.418231636285782     
   1.983390       -0.460988789796829     
   1.985833       -0.451303899288177     
   1.988275       -0.348643064498901     
   1.990718       -0.425968706607819     
   1.993160       -0.444057434797287     
   1.995603       -0.375631481409073     
   1.998046       -0.352882504463196     
   2.000488       -0.417324513196945     
   2.002931       -0.416123986244202     
   2.005373       -0.400452017784119     
   2.007816       -0.468780845403671     
   2.010259       -0.501593232154846     
   2.012701       -0.419826984405518     
   2.015144       -0.414191663265228     
   2.017586       -0.509415924549103     
   2.020029       -0.415150910615921     
   2.022472       -0.433358192443848     
   2.024914       -0.437133610248566     
   2.027357       -0.463178515434265     
   2.029799       -0.383568048477173     
   2.032242       -0.442573815584183     
   2.034685       -0.522862434387207     
   2.037127       -0.463387489318848     
   2.039570       -0.431029051542282     
   2.042012       -0.480338096618652     
   2.044455       -0.427622377872467     
   2.046898       -0.486561626195908     
   2.049340       -0.475500434637070     
   2.051783       -0.500626206398010     
   2.054225       -0.455903857946396     
   2.056668       -0.461072802543640     
   2.059111       -0.492298752069473     
   2.061553       -0.477327048778534     
   2.063996       -0.484511941671371     
   2.066438       -0.499031007289886     
   2.068881       -0.438673228025436     
   2.071324       -0.512959301471710     
   2.073766       -0.549488663673401     
   2.076209       -0.410373747348785     
   2.078651       -0.500508666038513     
   2.081094       -0.548606336116791     
   2.083537       -0.545300364494324     
   2.085979       -0.475046455860138     
   2.088422       -0.510919630527496     
   2.090864       -0.493770867586136     
   2.093307       -0.444003432989120     
   2.095750       -0.546816408634186     
   2.098192       -0.533973515033722     
   2.100635       -0.559427857398987     
   2.103077       -0.462613403797150     
   2.105520       -0.554623782634735     
   2.107963       -0.507624804973602     
   2.110405       -0.560629785060883     
   2.112848       -0.473098993301392     
   2.115290       -0.551717162132263     
   2.117733       -0.518977046012878     
   2.120176       -0.479008316993713     
   2.122618       -0.581624984741211     
   2.125061       -0.447336286306381     
   2.127503       -0.577242791652679     
   2.129946       -0.517036795616150     
   2.132389       -0.496988177299500     
   2.134831       -0.596444487571716     
   2.137274       -0.479983955621719     
   2.139716       -0.556703984737396     
   2.142159       -0.509019613265991     
   2.144602       -0.533018350601196     
   2.147044       -0.548070073127747     
   2.149487       -0.601078331470490     
   2.151929       -0.540289700031281     
   2.154372       -0.503774702548981     
   2.156815       -0.597131907939911     
   2.159257       -0.564335763454437     
   2.161700       -0.546847999095917     
   2.164142       -0.498676508665085     
   2.166585       -0.519382357597351     
   2.169028       -0.596229255199432     
   2.171470       -0.613469004631042     
   2.173913       -0.549020826816559     
   2.176355       -0.596135795116425     
   2.178798       -0.530315101146698     
   2.181241       -0.555145263671875     
   2.183683       -0.492299318313599     
   2.186126       -0.598957598209381     
   2.188568       -0.614063680171967     
   2.191011       -0.657434880733490     
   2.193454       -0.587697148323059     
   2.195896       -0.601317882537842     
   2.198339       -0.520282566547394     
   2.200781       -0.624340415000916     
   2.203224       -0.579183816909790     
   2.205667       -0.628317654132843     
   2.208109       -0.579745054244995     
   2.210552       -0.610537767410278     
   2.212994       -0.667002677917480     
   2.215437       -0.581351816654205     
   2.217880       -0.666964113712311     
   2.220322       -0.604031801223755     
   2.222765       -0.637424707412720     
   2.225207       -0.555430412292480     
   2.227650       -0.660325467586517     
   2.230093       -0.598035931587219     
   2.232535       -0.674875378608704     
   2.234978       -0.576584815979004     
   2.237420       -0.680851161479950     
   2.239863       -0.572385966777802     
   2.242306       -0.543411910533905     
   2.244748       -0.604228913784027     
   2.247191       -0.605683207511902     
   2.249633       -0.611383497714996     
   2.252076       -0.687017083168030     
   2.254519       -0.629424154758453     
   2.256961       -0.608179569244385     
   2.259404       -0.673190414905548     
   2.261846       -0.678202033042908     
   2.264289       -0.597383141517639     
   2.266732       -0.650741517543793     
   2.269174       -0.599644482135773     
   2.271617       -0.619404435157776     
   2.274059       -0.671180129051208     
   2.276502       -0.599027335643768     
   2.278944       -0.652528285980225     
   2.281387       -0.650502085685730     
   2.283830       -0.641634702682495     
   2.286272       -0.621781349182129     
   2.288715       -0.725770175457001     
   2.291157       -0.602010250091553     
   2.293600       -0.650864541530609     
   2.296043       -0.726967036724091     
   2.298485       -0.743779420852661     
   2.300928       -0.723289489746094     
   2.303370       -0.694727718830109     
   2.305813       -0.709967851638794     
   2.308256       -0.629628062248230     
   2.310698       -0.754134774208069     
   2.313141       -0.754962742328644     
   2.315583       -0.728236496448517     
   2.318026       -0.654682278633118     
   2.320469       -0.602065980434418     
   2.322911       -0.650644421577454     
   2.325354       -0.675563931465149     
   2.327796       -0.681125164031982     
   2.330239       -0.701006889343262     
   2.332682       -0.666972696781158     
   2.335124       -0.661561906337738     
   2.337567       -0.639374971389771     
   2.340009       -0.719649791717529     
   2.342452       -0.734433412551880     
   2.344895       -0.683312296867371     
   2.347337       -0.720171630382538     
   2.349780       -0.678605258464813     
   2.352222       -0.751380324363708     
   2.354665       -0.688341856002808     
   2.357108       -0.715681791305542     
   2.359550       -0.730395436286926     
   2.361993       -0.706254005432129     
   2.364435       -0.701753914356232     
   2.366878       -0.786307513713837     
   2.369321       -0.687022984027863     
   2.371763       -0.695866644382477     
   2.374206       -0.746666193008423     
   2.376648       -0.796879708766937     
   2.379091       -0.765362381935120     
   2.381534       -0.753237128257751     
   2.383976       -0.712900102138519     
   2.386419       -0.727090716362000     
   2.388861       -0.774934053421021     
   2.391304       -0.715302765369415     
   2.393747       -0.743956744670868     
   2.396189       -0.692365765571594     
   2.398632       -0.774644792079926     
   2.401074       -0.680352926254272     
   2.403517       -0.695881247520447     
   2.405960       -0.761353552341461     
   2.408402       -0.687103986740112     
   2.410845       -0.700894355773926     
   2.413287       -0.806620955467224     
   2.415730       -0.682277560234070     
   2.418173       -0.727968513965607     
   2.420615       -0.740228772163391     
   2.423058       -0.711545944213867     
   2.425500       -0.774817168712616     
   2.427943       -0.824453353881836     
   2.430386       -0.743010520935059     
   2.432828       -0.748152554035187     
   2.435271       -0.732185482978821     
   2.437713       -0.748284220695496     
   2.440156       -0.765134036540985     
   2.442599       -0.676337540149689     
   2.445041       -0.778246700763702     
   2.447484       -0.792876541614532     
   2.449926       -0.690647542476654     
   2.452369       -0.791223764419556     
   2.454812       -0.700897812843323     
   2.457254       -0.838095486164093     
   2.459697       -0.764074623584747     
   2.462139       -0.759491980075836     
   2.464582       -0.743207335472107     
   2.467025       -0.782810211181641     
   2.469467       -0.689014077186584     
   2.471910       -0.783210039138794     
   2.474352       -0.747171819210052     
   2.476795       -0.824482381343842     
   2.479238       -0.773289620876312     
   2.481680       -0.813845932483673     
   2.484123       -0.789553999900818     
   2.486565       -0.870386481285095     
   2.489008       -0.760432004928589     
   2.491451       -0.807277143001556     
   2.493893       -0.880462288856506     
   2.496336       -0.727266550064087     
   2.498778       -0.768679738044739     
   2.501221       -0.818440198898315     
   2.503664       -0.732468247413635     
   2.506106       -0.834182441234589     
   2.508549       -0.838998913764954     
   2.510991       -0.730128347873688     
   2.513434       -0.878444314002991     
   2.515877       -0.768536567687988     
   2.518319       -0.779917240142822     
   2.520762       -0.868300080299377     
   2.523204       -0.799560546875000     
   2.525647       -0.806621968746185     
   2.528090       -0.779383540153503     
   2.530532       -0.818962156772614     
   2.532975       -0.884283304214478     
   2.535417       -0.840240836143494     
   2.537860       -0.796546876430511     
   2.540303       -0.841507315635681     
   2.542745       -0.795029401779175     
   2.545188       -0.888964176177979     
   2.547630       -0.800141394138336     
   2.550073       -0.837697863578796     
   2.552516       -0.825946390628815     
   2.554958       -0.795135796070099     
   2.557401       -0.839455366134644     
   2.559843       -0.799902737140656     
   2.562286       -0.882066071033478     
   2.564728       -0.820143699645996     
   2.567171       -0.784990966320038     
   2.569614       -0.835904538631439     
   2.572056       -0.836346030235291     
   2.574499       -0.862979233264923     
   2.576941       -0.824343860149384     
   2.579384       -0.867415070533752     
   2.581827       -0.841077089309692     
   2.584269       -0.831514716148376     
   2.586712       -0.879428505897522     
   2.589154       -0.875733315944672     
   2.591597       -0.830545902252197     
   2.594040       -0.918426513671875     
   2.596482       -0.854793727397919     
   2.598925       -0.889027655124664     
   2.601367       -0.837032318115234     
   2.603810       -0.788205206394196     
   2.606253       -0.799617350101471     
   2.608695       -0.839606940746307     
   2.611138       -0.808297395706177     
   2.613580       -0.858703732490540     
   2.616023       -0.828526198863983     
   2.618466       -0.881948530673981     
   2.620908       -0.916880846023560     
   2.623351       -0.863409042358398     
   2.625793       -0.863834083080292     
   2.628236       -0.886760056018829     
   2.630679       -0.843782126903534     
   2.633121       -0.866718649864197     
   2.635564       -0.910509824752808     
   2.638006       -0.872706115245819     
   2.640449       -0.927658557891846     
   2.642892       -0.822509407997131     
   2.645334       -0.876476824283600     
   2.647777       -0.883620381355286     
   2.650219       -0.837203979492188     
   2.652662       -0.794306933879852     
   2.655105       -0.835549592971802     
   2.657547       -0.893953263759613     
   2.659990       -0.889335811138153     
   2.662432       -0.914625585079193     
   2.664875       -0.966665267944336     
   2.667318       -0.881080508232117     
   2.669760       -0.879801809787750     
   2.672203       -0.917133212089539     
   2.674645       -0.900324761867523     
   2.677088       -0.951483309268951     
   2.679531       -0.903780579566956     
   2.681973       -0.851223587989807     
   2.684416       -0.901648879051208     
   2.686858       -0.967089951038361     
   2.689301       -0.894299149513245     
   2.691744       -0.887666761875153     
   2.694186       -0.927695512771606     
   2.696629       -0.903681993484497     
   2.699071       -0.833483219146729     
   2.701514       -0.857380211353302     
   2.703957       -0.871003150939941     
   2.706399       -0.853350043296814     
   2.708842       -0.942073464393616     
   2.711284       -0.923135161399841     
   2.713727       -0.868421316146851     
   2.716170       -0.849446296691895     
   2.718612       -0.897727489471436     
   2.721055       -0.872877478599548     
   2.723497       -0.889142632484436     
   2.725940       -0.905460298061371     
   2.728383       -0.929099559783936     
   2.730825       -0.894352734088898     
   2.733268       -0.929839611053467     
   2.735710       -0.835966527462006     
   2.738153       -0.897291481494904     
   2.740596       -0.899375975131989     
   2.743038       -0.933029472827911     
   2.745481       -0.957557797431946     
   2.747923       -0.918349683284760     
   2.750366       -0.938214957714081     
   2.752809       -0.952013552188873     
   2.755251       -0.841351628303528     
   2.757694       -0.952776491641998     
   2.760136       -0.984606027603149     
   2.762579       -0.915389716625214     
   2.765022       -0.910836338996887     
   2.767464       -0.907580196857452     
   2.769907       -0.909368693828583     
   2.772349       -0.932538390159607     
   2.774792       -0.933711826801300     
   2.777235       -0.889629125595093     
   2.779677       -0.950494885444641     
   2.782120        -1.01233625411987     
   2.784562       -0.969857096672058     
   2.787005       -0.939388990402222     
   2.789448       -0.971917271614075     
   2.791890       -0.900048196315765     
   2.794333       -0.900525629520416     
   2.796775       -0.933112442493439     
   2.799218       -0.933104813098907     
   2.801661       -0.973302662372589     
   2.804103       -0.884045124053955     
   2.806546       -0.929344832897186     
   2.808988       -0.953268349170685     
   2.811431       -0.878864943981171     
   2.813874       -0.869884490966797     
   2.816316       -0.868898332118988     
   2.818759        -1.00084447860718     
   2.821201        -1.00500893592834     
   2.823644       -0.865947127342224     
   2.826087       -0.906252086162567     
   2.828529       -0.905943512916565     
   2.830972       -0.968371391296387     
   2.833414       -0.956117331981659     
   2.835857       -0.940091252326965     
   2.838300       -0.905613183975220     
   2.840742        -1.00550627708435     
   2.843185       -0.947380065917969     
   2.845627       -0.936813354492188     
   2.848070       -0.889826178550720     
   2.850513       -0.908069372177124     
   2.852955       -0.909873723983765     
   2.855398       -0.911058127880096     
   2.857840       -0.994916319847107     
   2.860283        -1.00246143341064     
   2.862725       -0.886638522148132     
   2.865168       -0.974697113037109     
   2.867611       -0.984355986118317     
   2.870053        -1.00393927097321     
   2.872496       -0.906376063823700     
   2.874938       -0.990290045738220     
   2.877381       -0.995820879936218     
   2.879824       -0.905466377735138     
   2.882266       -0.880553245544434     
   2.884709        -1.03537285327911     
   2.887151       -0.951970338821411     
   2.889594        -1.01508998870850     
   2.892037       -0.924294531345367     
   2.894479       -0.940806925296783     
   2.896922       -0.990434706211090     
   2.899364        -1.01930379867554     
   2.901807       -0.939462065696716     
   2.904250       -0.978894770145416     
   2.906692       -0.967810988426208     
   2.909135       -0.981780886650085     
   2.911577       -0.934151649475098     
   2.914020       -0.946760952472687     
   2.916463        -1.04493248462677     
   2.918905       -0.967320263385773     
   2.921348       -0.975682735443115     
   2.923790       -0.928568780422211     
   2.926233        -1.06961250305176     
   2.928676       -0.952365517616272     
   2.931118       -0.966210186481476     
   2.933561        -1.05349016189575     
   2.936003       -0.999265074729919     
   2.938446       -0.953019440174103     
   2.940889       -0.918980777263641     
   2.943331       -0.990713179111481     
   2.945774       -0.955758631229401     
   2.948216        -1.01537060737610     
   2.950659        -1.01231825351715     
   2.953102       -0.965211272239685     
   2.955544        -1.02580189704895     
   2.957987       -0.984268546104431     
   2.960429       -0.953178286552429     
   2.962872        -1.02618813514709     
   2.965315       -0.953654944896698     
   2.967757       -0.949174821376801     
   2.970200       -0.903820693492889     
   2.972642        -1.00261116027832     
   2.975085        -1.02874195575714     
   2.977528       -0.991464018821716     
   2.979970       -0.955022394657135     
   2.982413        -1.02892911434174     
   2.984855       -0.952067673206329     
   2.987298       -0.902875721454620     
   2.989741        -1.06593918800354     
   2.992183       -0.989953279495239     
   2.994626       -0.976387381553650     
   2.997068       -0.969052314758301     
   2.999511       -0.948816895484924     
   3.001954       -0.925254344940186     
   3.004396        -1.05816149711609     
   3.006839       -0.959179997444153     
   3.009281       -0.928192913532257     
   3.011724       -0.993029832839966     
   3.014167       -0.958129465579987     
   3.016609        -1.00950241088867     
   3.019052        -1.00060999393463     
   3.021494       -0.955277502536774     
   3.023937       -0.981224477291107     
   3.026380       -0.934758722782135     
   3.028822        -1.02679097652435     
   3.031265       -0.975165724754333     
   3.033707       -0.966788947582245     
   3.036150        -1.05838882923126     
   3.038593       -0.965729713439941     
   3.041035       -0.948351085186005     
   3.043478       -0.959662377834320     
   3.045920       -0.968436837196350     
   3.048363        -1.01453554630280     
   3.050806        -1.03450465202332     
   3.053248        -1.01621901988983     
   3.055691        -1.00139570236206     
   3.058133       -0.994970321655273     
   3.060576        -1.06530117988586     
   3.063019        -1.04428470134735     
   3.065461        -1.03826749324799     
   3.067904        -1.02850186824799     
   3.070346        -1.05396330356598     
   3.072789        -1.01802730560303     
   3.075232        -1.03055930137634     
   3.077674        -1.00983500480652     
   3.080117       -0.982029855251312     
   3.082559        -1.00894451141357     
   3.085002       -0.955106437206268     
   3.087445        -1.03025865554810     
   3.089887        -1.02107572555542     
   3.092330        -1.01256287097931     
   3.094772       -0.977812290191650     
   3.097215       -0.989930331707001     
   3.099658        -1.04366934299469     
   3.102100        -1.01576185226440     
   3.104543       -0.983437180519104     
   3.106985        -1.04447972774506     
   3.109428       -0.972499430179596     
   3.111871        -1.04165923595428     
   3.114313        -1.06928062438965     
   3.116756       -0.979749441146851     
   3.119198       -0.992740511894226     
   3.121641        -1.01759731769562     
   3.124084        -1.00220274925232     
   3.126526       -0.984284996986389     
   3.128969       -0.958576917648315     
   3.131411        -1.09078788757324     
   3.133854       -0.983716309070587     
   3.136297        -1.01143431663513     
   3.138739       -0.985727667808533     
   3.141182       -0.998072266578674     
   3.143624       -0.973770678043365     
   3.146067        -1.08616423606873     
   3.148510        -1.08822405338287     
   3.150952        -1.08256232738495     
   3.153395       -0.959799289703369     
   3.155837       -0.999623715877533     
   3.158280       -0.964397728443146     
   3.160722       -0.986942410469055     
   3.163165        -1.01599788665771     
   3.165608       -0.990543425083160     
   3.168050       -0.923833370208740     
   3.170493        -1.04119563102722     
   3.172935        -1.05067741870880     
   3.175378        -1.00841772556305     
   3.177821       -0.991839408874512     
   3.180263        -1.02569031715393     
   3.182706        -1.04049944877625     
   3.185148        -1.07741570472717     
   3.187591       -0.988863408565521     
   3.190034        -1.03957176208496     
   3.192476        -1.07016777992249     
   3.194919       -0.970422089099884     
   3.197361        -1.01942241191864     
   3.199804        -1.03790521621704     
   3.202247       -0.941116273403168     
   3.204689        -1.01521790027618     
   3.207132        -1.03740501403809     
   3.209574        -1.02906918525696     
   3.212017       -0.932514131069183     
   3.214460       -0.993179023265839     
   3.216902        -1.00406002998352     
   3.219345       -0.973440229892731     
   3.221787       -0.981949687004089     
   3.224230        -1.07196021080017     
   3.226673       -0.994595348834991     
   3.229115       -0.996747851371765     
   3.231558       -0.967917323112488     
   3.234000       -0.932282447814941     
   3.236443       -0.962425470352173     
   3.238886        -1.07866263389587     
   3.241328        -1.03306210041046     
   3.243771        -1.06801462173462     
   3.246213       -0.957197070121765     
   3.248656       -0.999683201313019     
   3.251099        -1.02287733554840     
   3.253541       -0.967534422874451     
   3.255984        -1.05527412891388     
   3.258426       -0.983154058456421     
   3.260869       -0.953325212001801     
   3.263312        -1.00735592842102     
   3.265754        -1.01389765739441     
   3.268197        -1.00577044487000     
   3.270639       -0.986000299453735     
   3.273082        -1.00199425220490     
   3.275525       -0.969702363014221     
   3.277967       -0.949702918529510     
   3.280410       -0.931876599788666     
   3.282852       -0.996353983879089     
   3.285295       -0.986867785453796     
   3.287738       -0.936586797237396     
   3.290180       -0.997131466865540     
   3.292623       -0.978260815143585     
   3.295065       -0.985103309154510     
   3.297508        -1.03021907806396     
   3.299951       -0.910964965820312     
   3.302393        -1.02319192886353     
   3.304836       -0.995412111282349     
   3.307278       -0.977405071258545     
   3.309721       -0.962801873683929     
   3.312164        -1.00486814975739     
   3.314606       -0.952335596084595     
   3.317049       -0.992869019508362     
   3.319491       -0.983277261257172     
   3.321934       -0.962664544582367     
   3.324377       -0.950612723827362     
   3.326819        -1.01585602760315     
   3.329262       -0.959166049957275     
   3.331704       -0.940244853496552     
   3.334147       -0.935394465923309     
   3.336590        -1.02818715572357     
   3.339032       -0.957332193851471     
   3.341475       -0.963133454322815     
   3.343917        -1.05521321296692     
   3.346360       -0.987178504467010     
   3.348803       -0.926336228847504     
   3.351245       -0.909895777702332     
   3.353688        -1.03767335414886     
   3.356130       -0.975576519966125     
   3.358573        -1.01485538482666     
   3.361016        -1.01397693157196     
   3.363458       -0.977778971195221     
   3.365901       -0.968445956707001     
   3.368343       -0.938683390617371     
   3.370786       -0.965198636054993     
   3.373229        -1.00294446945190     
   3.375671       -0.946448683738708     
   3.378114       -0.967823386192322     
   3.380556       -0.971238791942596     
   3.382999       -0.977851808071136     
   3.385442       -0.993649780750275     
   3.387884       -0.969906330108643     
   3.390327       -0.962348818778992     
   3.392769        -1.01277923583984     
   3.395212       -0.989505767822266     
   3.397655       -0.954051613807678     
   3.400097        -1.01117801666260     
   3.402540       -0.962380826473236     
   3.404982       -0.943188428878784     
   3.407425        -1.03309977054596     
   3.409868       -0.959025025367737     
   3.412310       -0.917300820350647     
   3.414753       -0.913165330886841     
   3.417195        -1.00851559638977     
   3.419638       -0.925953388214111     
   3.422081       -0.959066629409790     
   3.424523       -0.969487369060516     
   3.426966        -1.05536401271820     
   3.429408       -0.910160660743713     
   3.431851       -0.972434878349304     
   3.434294       -0.928226470947266     
   3.436736       -0.893464028835297     
   3.439179       -0.993420541286469     
   3.441621       -0.959251582622528     
   3.444064       -0.949466526508331     
   3.446507       -0.897623300552368     
   3.448949       -0.945853114128113     
   3.451392       -0.907731473445892     
   3.453834        -1.02720832824707     
   3.456277       -0.924877107143402     
   3.458719       -0.963476598262787     
   3.461162       -0.935641884803772     
   3.463605       -0.890292286872864     
   3.466047        -1.00085628032684     
   3.468490       -0.989579916000366     
   3.470932       -0.889751732349396     
   3.473375       -0.893070578575134     
   3.475818       -0.971755981445312     
   3.478260       -0.990292310714722     
   3.480703       -0.897459506988525     
   3.483145        -1.00930476188660     
   3.485588       -0.921691596508026     
   3.488031       -0.860418438911438     
   3.490473        -1.01268172264099     
   3.492916        -1.03132927417755     
   3.495358        -1.00840330123901     
   3.497801       -0.902347922325134     
   3.500244       -0.845135390758514     
   3.502686       -0.934208214282990     
   3.505129       -0.933165311813354     
   3.507571       -0.966306746006012     
   3.510014       -0.928156554698944     
   3.512457       -0.959210336208344     
   3.514899       -0.926524281501770     
   3.517342       -0.919878661632538     
   3.519784       -0.922000885009766     
   3.522227       -0.905244529247284     
   3.524670       -0.872090816497803     
   3.527112       -0.906931579113007     
   3.529555       -0.887519121170044     
   3.531997       -0.927615284919739     
   3.534440       -0.961487293243408     
   3.536883       -0.899638116359711     
   3.539325       -0.914086043834686     
   3.541768       -0.858559548854828     
   3.544210       -0.990330398082733     
   3.546653       -0.892590939998627     
   3.549096       -0.935540080070496     
   3.551538       -0.854222714900970     
   3.553981       -0.883517861366272     
   3.556423       -0.983424127101898     
   3.558866       -0.912792265415192     
   3.561309       -0.876375377178192     
   3.563751       -0.977496504783630     
   3.566194       -0.890787541866302     
   3.568636       -0.829006671905518     
   3.571079       -0.886234223842621     
   3.573522       -0.837799966335297     
   3.575964       -0.945176362991333     
   3.578407       -0.918242335319519     
   3.580849       -0.867112755775452     
   3.583292       -0.892455637454987     
   3.585735       -0.904021143913269     
   3.588177       -0.821273505687714     
   3.590620       -0.852252960205078     
   3.593062       -0.870878398418427     
   3.595505       -0.864476978778839     
   3.597948       -0.885529279708862     
   3.600390       -0.896440386772156     
   3.602833       -0.877979755401611     
   3.605275       -0.911989033222198     
   3.607718       -0.870929598808289     
   3.610161       -0.838651537895203     
   3.612603       -0.888956487178802     
   3.615046       -0.838388264179230     
   3.617488       -0.799642741680145     
   3.619931       -0.878388345241547     
   3.622374       -0.846553325653076     
   3.624816       -0.829873919487000     
   3.627259       -0.875272691249847     
   3.629701       -0.905929744243622     
   3.632144       -0.877878725528717     
   3.634587       -0.893441975116730     
   3.637029       -0.894261479377747     
   3.639472       -0.936082839965820     
   3.641914       -0.820965766906738     
   3.644357       -0.866081535816193     
   3.646800       -0.840033590793610     
   3.649242       -0.869496941566467     
   3.651685       -0.835802018642426     
   3.654127       -0.891248762607574     
   3.656570       -0.828576743602753     
   3.659013       -0.918120026588440     
   3.661455       -0.827701807022095     
   3.663898       -0.920228004455566     
   3.666340       -0.892624795436859     
   3.668783       -0.851152718067169     
   3.671226       -0.888625085353851     
   3.673668       -0.802990913391113     
   3.676111       -0.818686604499817     
   3.678553       -0.815024793148041     
   3.680996       -0.895093679428101     
   3.683439       -0.903073370456696     
   3.685881       -0.869702458381653     
   3.688324       -0.810274422168732     
   3.690766       -0.777000606060028     
   3.693209       -0.857946872711182     
   3.695652       -0.851399481296539     
   3.698094       -0.814004957675934     
   3.700537       -0.901071131229401     
   3.702979       -0.785063266754150     
   3.705422       -0.791723966598511     
   3.707865       -0.832284748554230     
   3.710307       -0.885790228843689     
   3.712750       -0.808676004409790     
   3.715192       -0.884580790996552     
   3.717635       -0.846155405044556     
   3.720078       -0.876126110553741     
   3.722520       -0.820528626441956     
   3.724963       -0.841574490070343     
   3.727405       -0.884423375129700     
   3.729848       -0.889791905879974     
   3.732291       -0.735490322113037     
   3.734733       -0.823767304420471     
   3.737176       -0.813726544380188     
   3.739618       -0.781690955162048     
   3.742061       -0.792514860630035     
   3.744503       -0.763846576213837     
   3.746946       -0.755794286727905     
   3.749389       -0.801881730556488     
   3.751831       -0.827877044677734     
   3.754274       -0.894246578216553     
   3.756716       -0.898626625537872     
   3.759159       -0.810808062553406     
   3.761602       -0.844614267349243     
   3.764044       -0.802334606647491     
   3.766487       -0.895758450031281     
   3.768929       -0.763699650764465     
   3.771372       -0.725511908531189     
   3.773815       -0.762664318084717     
   3.776257       -0.859240353107452     
   3.778700       -0.823196053504944     
   3.781142       -0.726443409919739     
   3.783585       -0.816103696823120     
   3.786028       -0.727728843688965     
   3.788470       -0.818149089813232     
   3.790913       -0.825010657310486     
   3.793355       -0.807323336601257     
   3.795798       -0.806187689304352     
   3.798241       -0.820424139499664     
   3.800683       -0.790395498275757     
   3.803126       -0.745775401592255     
   3.805568       -0.781661570072174     
   3.808011       -0.796344876289368     
   3.810454       -0.782923281192780     
   3.812896       -0.816960573196411     
   3.815339       -0.803603231906891     
   3.817781       -0.713856935501099     
   3.820224       -0.795146584510803     
   3.822667       -0.806681811809540     
   3.825109       -0.785541653633118     
   3.827552       -0.784209191799164     
   3.829994       -0.753625929355621     
   3.832437       -0.792608022689819     
   3.834880       -0.787841975688934     
   3.837322       -0.697796702384949     
   3.839765       -0.749346613883972     
   3.842207       -0.773613572120667     
   3.844650       -0.707676172256470     
   3.847093       -0.735683202743530     
   3.849535       -0.805483996868134     
   3.851978       -0.762402653694153     
   3.854420       -0.699114441871643     
   3.856863       -0.844524025917053     
   3.859306       -0.697004735469818     
   3.861748       -0.763300597667694     
   3.864191       -0.837978482246399     
   3.866633       -0.778452992439270     
   3.869076       -0.704654037952423     
   3.871519       -0.736473858356476     
   3.873961       -0.761733055114746     
   3.876404       -0.741678059101105     
   3.878846       -0.690273344516754     
   3.881289       -0.720247328281403     
   3.883732       -0.707960486412048     
   3.886174       -0.672679543495178     
   3.888617       -0.682509005069733     
   3.891059       -0.698526740074158     
   3.893502       -0.814010858535767     
   3.895945       -0.751684367656708     
   3.898387       -0.749358475208282     
   3.900830       -0.719170510768890     
   3.903272       -0.713004946708679     
   3.905715       -0.713025689125061     
   3.908158       -0.695903539657593     
   3.910600       -0.675189197063446     
   3.913043       -0.711251735687256     
   3.915485       -0.734039664268494     
   3.917928       -0.689867973327637     
   3.920371       -0.690543413162231     
   3.922813       -0.724784612655640     
   3.925256       -0.656636357307434     
   3.927698       -0.644991695880890     
   3.930141       -0.762622535228729     
   3.932584       -0.789542794227600     
   3.935026       -0.694432497024536     
   3.937469       -0.748375296592712     
   3.939911       -0.690366864204407     
   3.942354       -0.680211961269379     
   3.944797       -0.720085918903351     
   3.947239       -0.610312998294830     
   3.949682       -0.679202616214752     
   3.952124       -0.719831645488739     
   3.954567       -0.597060620784760     
   3.957010       -0.644953131675720     
   3.959452       -0.681022226810455     
   3.961895       -0.611671566963196     
   3.964337       -0.662667155265808     
   3.966780       -0.641925513744354     
   3.969223       -0.661494791507721     
   3.971665       -0.679504632949829     
   3.974108       -0.596966028213501     
   3.976550       -0.686097443103790     
   3.978993       -0.673651337623596     
   3.981436       -0.738144814968109     
   3.983878       -0.671268522739410     
   3.986321       -0.618295609951019     
   3.988763       -0.638680934906006     
   3.991206       -0.703262269496918     
   3.993649       -0.649494647979736     
   3.996091       -0.642962813377380     
   3.998534       -0.650870680809021     
   4.000977       -0.723367691040039     
   4.003419       -0.622532486915588     
   4.005862       -0.600112318992615     
   4.008305       -0.644511342048645     
   4.010748       -0.594002664089203     
   4.013191       -0.620439529418945     
   4.015634       -0.661191403865814     
   4.018076       -0.676765322685242     
   4.020519       -0.656350016593933     
   4.022962       -0.649911940097809     
   4.025405       -0.651557981967926     
   4.027848       -0.597279191017151     
   4.030291       -0.691418468952179     
   4.032733       -0.561825513839722     
   4.035176       -0.663172960281372     
   4.037619       -0.598725616931915     
   4.040062       -0.572476923465729     
   4.042505       -0.657978355884552     
   4.044948       -0.610891342163086     
   4.047390       -0.566087961196899     
   4.049833       -0.638094305992126     
   4.052276       -0.666715919971466     
   4.054719       -0.617324829101562     
   4.057162       -0.583438873291016     
   4.059605       -0.603579044342041     
   4.062047       -0.575450360774994     
   4.064490       -0.646911799907684     
   4.066933       -0.632990419864655     
   4.069376       -0.646797180175781     
   4.071819       -0.520469903945923     
   4.074262       -0.640051662921906     
   4.076705       -0.617819190025330     
   4.079147       -0.596320807933807     
   4.081590       -0.591056168079376     
   4.084033       -0.596553742885590     
   4.086476       -0.641654431819916     
   4.088919       -0.606356918811798     
   4.091362       -0.590338230133057     
   4.093804       -0.591464519500732     
   4.096247       -0.584790110588074     
   4.098690       -0.557317852973938     
   4.101133       -0.522147893905640     
   4.103576       -0.504111289978027     
   4.106019       -0.657999277114868     
   4.108461       -0.485984385013580     
   4.110904       -0.501211822032928     
   4.113347       -0.490142405033112     
   4.115790       -0.512812852859497     
   4.118233       -0.599608659744263     
   4.120676       -0.566607415676117     
   4.123118       -0.607652246952057     
   4.125561       -0.542045950889587     
   4.128004       -0.532849669456482     
   4.130447       -0.528092324733734     
   4.132890       -0.519949197769165     
   4.135333       -0.564256489276886     
   4.137775       -0.594995677471161     
   4.140218       -0.517779290676117     
   4.142661       -0.545467197895050     
   4.145104       -0.550097703933716     
   4.147547       -0.529784679412842     
   4.149990       -0.444762825965881     
   4.152432       -0.471587270498276     
   4.154875       -0.490007460117340     
   4.157318       -0.456722140312195     
   4.159761       -0.507076263427734     
   4.162204       -0.523554027080536     
   4.164647       -0.536172926425934     
   4.167089       -0.450692474842072     
   4.169532       -0.461733341217041     
   4.171975       -0.525780677795410     
   4.174418       -0.578372478485107     
   4.176861       -0.483376294374466     
   4.179304       -0.529990315437317     
   4.181746       -0.515811860561371     
   4.184189       -0.421831667423248     
   4.186632       -0.518764257431030     
   4.189075       -0.488716542720795     
   4.191518       -0.480678439140320     
   4.193961       -0.460076570510864     
   4.196404       -0.468719244003296     
   4.198846       -0.419748067855835     
   4.201289       -0.539943575859070     
   4.203732       -0.557562828063965     
   4.206175       -0.493020176887512     
   4.208618       -0.498551845550537     
   4.211061       -0.486963897943497     
   4.213503       -0.487020432949066     
   4.215946       -0.452845752239227     
   4.218389       -0.455711483955383     
   4.220832       -0.533778071403503     
   4.223275       -0.536083877086639     
   4.225718       -0.424650579690933     
   4.228160       -0.445479512214661     
   4.230603       -0.455279111862183     
   4.233046       -0.462871462106705     
   4.235489       -0.538608968257904     
   4.237932       -0.465490490198135     
   4.240375       -0.505512416362762     
   4.242817       -0.378774702548981     
   4.245260       -0.436455845832825     
   4.247703       -0.484289258718491     
   4.250146       -0.496521890163422     
   4.252589       -0.411274254322052     
   4.255032       -0.485263198614120     
   4.257474       -0.452695727348328     
   4.259917       -0.500246405601501     
   4.262360       -0.394258171319962     
   4.264803       -0.407295286655426     
   4.267246       -0.377353876829147     
   4.269689       -0.395173549652100     
   4.272131       -0.374095857143402     
   4.274574       -0.408901423215866     
   4.277017       -0.439084351062775     
   4.279460       -0.435294598340988     
   4.281903       -0.451568543910980     
   4.284346       -0.433025240898132     
   4.286788       -0.432383835315704     
   4.289231       -0.494590342044830     
   4.291674       -0.415580630302429     
   4.294117       -0.384565025568008     
   4.296560       -0.402778118848801     
   4.299003       -0.453277140855789     
   4.301445       -0.390943974256516     
   4.303888       -0.323388278484344     
   4.306331       -0.327081829309464     
   4.308774       -0.374521136283875     
   4.311217       -0.305194437503815     
   4.313660       -0.354490280151367     
   4.316103       -0.339451223611832     
   4.318545       -0.331889301538467     
   4.320988       -0.322207599878311     
   4.323431       -0.445957303047180     
   4.325874       -0.315259575843811     
   4.328317       -0.387495875358582     
   4.330760       -0.386568605899811     
   4.333202       -0.314746052026749     
   4.335645       -0.359950214624405     
   4.338088       -0.328361093997955     
   4.340531       -0.341217070817947     
   4.342974       -0.324724823236465     
   4.345417       -0.415585964918137     
   4.347859       -0.347143143415451     
   4.350302       -0.434805840253830     
   4.352745       -0.368436634540558     
   4.355188       -0.350723773241043     
   4.357631       -0.398975253105164     
   4.360074       -0.304502546787262     
   4.362516       -0.368868708610535     
   4.364959       -0.313687920570374     
   4.367402       -0.306683540344238     
   4.369845       -0.350451707839966     
   4.372288       -0.276375442743301     
   4.374731       -0.391520947217941     
   4.377173       -0.243182763457298     
   4.379616       -0.232028722763062     
   4.382059       -0.398360788822174     
   4.384502       -0.297743439674377     
   4.386945       -0.340410590171814     
   4.389388       -0.375772774219513     
   4.391830       -0.308976680040359     
   4.394273       -0.305924057960510     
   4.396716       -0.269199699163437     
   4.399159       -0.274291038513184     
   4.401602       -0.215982794761658     
   4.404045       -0.341003209352493     
   4.406487       -0.304574280977249     
   4.408930       -0.345172971487045     
   4.411373       -0.360905110836029     
   4.413816       -0.221520319581032     
   4.416259       -0.256456911563873     
   4.418702       -0.348016619682312     
   4.421144       -0.262975394725800     
   4.423587       -0.238602280616760     
   4.426030       -0.221514672040939     
   4.428473       -0.247578114271164     
   4.430916       -0.349348664283752     
   4.433359       -0.259086489677429     
   4.435802       -0.330579400062561     
   4.438244       -0.263817310333252     
   4.440687       -0.280905902385712     
   4.443130       -0.251248538494110     
   4.445573       -0.252376675605774     
   4.448016       -0.272712767124176     
   4.450459       -0.261874645948410     
   4.452901       -0.302690148353577     
   4.455344       -0.204954892396927     
   4.457787       -0.248253658413887     
   4.460230       -0.289533615112305     
   4.462673       -0.256727218627930     
   4.465116       -0.261984467506409     
   4.467558       -0.257816195487976     
   4.470001       -0.308221518993378     
   4.472444       -0.240929439663887     
   4.474887       -0.269058346748352     
   4.477330       -0.222153261303902     
   4.479773       -0.166876584291458     
   4.482215       -0.233944773674011     
   4.484658       -0.219162479043007     
   4.487101       -0.312143027782440     
   4.489544       -0.166197597980499     
   4.491987       -0.181265592575073     
   4.494430       -0.219770655035973     
   4.496872       -0.231279775500298     
   4.499315       -0.220451012253761     
   4.501758       -0.196153864264488     
   4.504201       -0.258086234331131     
   4.506644       -0.215363621711731     
   4.509087       -0.247655048966408     
   4.511529       -0.155199378728867     
   4.513972       -0.262112230062485     
   4.516415       -0.257109254598618     
   4.518858       -0.181949928402901     
   4.521301       -0.190344393253326     
   4.523744       -0.195555642247200     
   4.526186       -0.164375334978104     
   4.528629       -0.243326976895332     
   4.531072       -0.194967165589333     
   4.533515       -0.170038372278214     
   4.535958       -0.190451353788376     
   4.538401       -0.174329712986946     
   4.540843       -0.174231976270676     
   4.543286       -0.215913861989975     
   4.545729       -0.195004612207413     
   4.548172       -0.198208153247833     
   4.550615       -0.194588005542755     
   4.553058       -0.216777622699738     
   4.555501       -0.121532917022705     
   4.557943       -0.202524766325951     
   4.560386       -0.161010950803757     
   4.562829       -0.148905441164970     
   4.565272       -8.694317191839218E-002
   4.567715       -0.183199420571327     
   4.570158       -0.120112046599388     
   4.572600       -7.437157630920410E-002
   4.575043       -0.172447353601456     
   4.577486       -0.101145327091217     
   4.579929       -9.357592463493347E-002
   4.582372       -0.121797442436218     
   4.584815       -0.127975821495056     
   4.587257       -7.136692106723785E-002
   4.589700       -7.315343618392944E-002
   4.592143       -0.157911866903305     
   4.594586       -3.976594656705856E-002
   4.597029       -0.137186020612717     
   4.599472       -0.115644842386246     
   4.601914       -8.817065507173538E-002
   4.604357       -0.112681731581688     
   4.606800       -0.118043251335621     
   4.609243       -5.030330270528793E-002
   4.611686       -0.136077672243118     
   4.614129       -0.147627085447311     
   4.616571       -0.118418648838997     
   4.619014       -6.180074810981750E-002
   4.621457       -9.732445329427719E-002
   4.623900       -9.572555869817734E-002
   4.626343       -7.825160026550293E-002
   4.628786       -0.122175857424736     
   4.631228       -2.933059632778168E-002
   4.633671       -0.104296043515205     
   4.636114       -8.342621475458145E-002
   4.638557       -6.945119798183441E-002
   4.641000       -1.955846324563026E-002
   4.643443       -7.657235860824585E-002
   4.645885       -0.150922507047653     
   4.648328       -8.396431058645248E-002
   4.650771       -1.077183336019516E-002
   4.653214       -7.961822301149368E-002
   4.655657       -6.711788475513458E-002
   4.658100       -9.431841969490051E-002
   4.660542       -3.492446243762970E-002
   4.662985       -3.223802894353867E-002
   4.665428       -1.886887848377228E-002
   4.667871       -5.142962560057640E-002
   4.670314       -6.779784709215164E-002
   4.672757        4.407045990228653E-002
   4.675200        5.099485814571381E-002
   4.677642       -5.126025155186653E-002
   4.680085       -3.494270890951157E-002
   4.682528       -2.479523420333862E-003
   4.684971        3.342890739440918E-002
   4.687414       -1.646946929395199E-002
   4.689857       -0.105395078659058     
   4.692299        4.485765099525452E-002
   4.694742       -3.740169852972031E-002
   4.697185        1.861048676073551E-002
   4.699628       -3.323378413915634E-002
   4.702071       -2.296791225671768E-002
   4.704514       -5.720599368214607E-002
   4.706956        4.689880087971687E-002
   4.709399        9.229751303792000E-003
   4.711842       -1.511809322983027E-002
   4.714285       -4.917915537953377E-002
   4.716728       -8.322840183973312E-002
   4.719171       -8.149750530719757E-003
   4.721613       -2.422576397657394E-002
   4.724056       -2.735896781086922E-002
   4.726499       -1.268386282026768E-002
   4.728942        3.750217705965042E-002
   4.731385        2.052467130124569E-002
   4.733828        6.068295240402222E-002
   4.736270       -6.056985259056091E-002
   4.738713        2.260729670524597E-002
   4.741156       -1.737237349152565E-002
   4.743599        2.895271033048630E-002
   4.746042        1.424777694046497E-002
   4.748485        2.290192991495132E-003
   4.750927        1.839510165154934E-002
   4.753370        4.721759259700775E-002
   4.755813        0.137954384088516     
   4.758256        6.540321558713913E-002
   4.760699        8.055907487869263E-002
   4.763142        4.052235186100006E-002
   4.765584       -2.312290668487549E-002
   4.768027       -1.963347569108009E-002
   4.770470        0.113795533776283     
   4.772913        0.125226259231567     
   4.775356        2.062492072582245E-003
   4.777799        0.126743137836456     
   4.780241        0.152417123317719     
   4.782684        4.211818799376488E-002
   4.785127        0.132199034094810     
   4.787570        3.057572245597839E-002
   4.790013        0.124634034931660     
   4.792456        0.146521508693695     
   4.794899        9.851328283548355E-002
   4.797341        7.539371401071548E-002
   4.799784        7.754782587289810E-002
   4.802227        8.107591420412064E-002
   4.804670        8.300918340682983E-002
   4.807113        9.529158473014832E-002
   4.809556        0.123237244784832     
   4.811998        2.658054232597351E-002
   4.814441        8.878910541534424E-002
   4.816884        0.101468518376350     
   4.819327        3.875736147165298E-002
   4.821770        0.131862655282021     
   4.824213        9.990263730287552E-002
   4.826655        3.392834216356277E-002
   4.829098        0.144698858261108     
   4.831541        0.105394423007965     
   4.833984        9.167832136154175E-002
   4.836427        0.121929846704006     
   4.838870        0.144285485148430     
   4.841312        0.160943955183029     
   4.843755        6.624212861061096E-002
   4.846198        0.137980759143829     
   4.848641        0.196986287832260     
   4.851084        0.181571692228317     
   4.853527        0.201299190521240     
   4.855969        0.128633365035057     
   4.858412        0.162484884262085     
   4.860855        0.177169412374496     
   4.863298        0.208740681409836     
   4.865741        0.236403256654739     
   4.868184        0.186279848217964     
   4.870626        0.153810024261475     
   4.873069        0.178373858332634     
   4.875512        0.185614868998528     
   4.877955        0.164300903677940     
   4.880398        0.213748276233673     
   4.882841        0.106543034315109     
   4.885283        9.982768446207047E-002
   4.887726        0.175891727209091     
   4.890169        0.157310783863068     
   4.892612        0.189102515578270     
   4.895055        0.163357794284821     
   4.897498        0.205141559243202     
   4.899940        0.134036049246788     
   4.902383        0.258369356393814     
   4.904826        0.183780714869499     
   4.907269        0.147437632083893     
   4.909712        0.204271793365479     
   4.912155        0.157114207744598     
   4.914598        0.232200920581818     
   4.917040        0.145225241780281     
   4.919483        0.255640953779221     
   4.921926        0.187902316451073     
   4.924369        0.210339382290840     
   4.926812        0.229509890079498     
   4.929255        0.213655263185501     
   4.931697        0.133037894964218     
   4.934140        0.178853392601013     
   4.936583        0.268640577793121     
   4.939026        0.281669020652771     
   4.941469        0.152822524309158     
   4.943912        0.245960861444473     
   4.946354        0.295396119356155     
   4.948797        0.239236682653427     
   4.951240        0.211545288562775     
   4.953683        0.156330406665802     
   4.956126        0.168062061071396     
   4.958569        0.211478978395462     
   4.961011        0.304245322942734     
   4.963454        0.270356327295303     
   4.965897        0.300863236188889     
   4.968340        0.252005249261856     
   4.970783        0.250450313091278     
   4.973226        0.248720213770866     
   4.975668        0.217598199844360     
   4.978111        0.297186404466629     
   4.980554        0.304725021123886     
   4.982997        0.267720371484756     
   4.985440        0.200094223022461     
   4.987883        0.315748184919357     
   4.990325        0.309949070215225     
   4.992768        0.248485833406448     
   4.995211        0.332141429185867     
   4.997654        0.266739338636398     
   5.000097        0.338105618953705     
