  0.0000000E+00    0.593044910071174     
  2.4425990E-03    0.597267056456228     
  4.8851981E-03    0.601474713635077     
  7.3277969E-03    0.605667657644614     
  9.7703962E-03    0.609845665375760     
  1.2212995E-02    0.614008514596879     
  1.4655595E-02    0.618155983977110     
  1.7098194E-02    0.622287853109582     
  1.9540792E-02    0.626403902534538     
  2.1983391E-02    0.630503913762347     
  2.4425989E-02    0.634587669296401     
  2.6868587E-02    0.638654952655911     
  2.9311186E-02    0.642705548398578     
  3.1753786E-02    0.646739242143146     
  3.4196384E-02    0.650755820591840     
  3.6638983E-02    0.654755071552672     
  3.9081581E-02    0.658736783961625     
  4.1524179E-02    0.662700747904703     
  4.3966778E-02    0.666646754639851     
  4.6409376E-02    0.670574596618740     
  4.8851974E-02    0.674484067508408     
  5.1294573E-02    0.678374962212765     
  5.3737171E-02    0.682247076893954     
  5.6179769E-02    0.686100208993558     
  5.8622368E-02    0.689934157253669     
  6.1064966E-02    0.693748721737795     
  6.3507564E-02    0.697543703851615     
  6.5950163E-02    0.701318906363578     
  6.8392761E-02    0.705074133425340     
  7.0835359E-02    0.708809190592038     
  7.3277958E-02    0.712523884842402     
  7.5720556E-02    0.716218024598693     
  7.8163154E-02    0.719891419746474     
  8.0605753E-02    0.723543881654209     
  8.3048351E-02    0.727175223192682     
  8.5490949E-02    0.730785258754243     
  8.7933548E-02    0.734373804271871     
  9.0376146E-02    0.737940677238052     
  9.2818744E-02    0.741485696723475     
  9.5261343E-02    0.745008683395540     
  9.7703941E-02    0.748509459536671     
  0.1001465        0.751987849062444     
  0.1025891        0.755443677539515     
  0.1050317        0.758876772203350     
  0.1074743        0.762286961975762     
  0.1099169        0.765674077482240     
  0.1123595        0.769037951069077     
  0.1148021        0.772378416820293     
  0.1172447        0.775695310574346     
  0.1196873        0.778988469940640     
  0.1221299        0.782257734315812     
  0.1245725        0.785502944899810     
  0.1270151        0.788723944711757     
  0.1294577        0.791920578605589     
  0.1319003        0.795092693285480     
  0.1343429        0.798240137321042     
  0.1367855        0.801362761162299     
  0.1392281        0.804460417154436     
  0.1416707        0.807532959552325     
  0.1441133        0.810580244534813     
  0.1465559        0.813602130218787     
  0.1489985        0.816598476672997     
  0.1514411        0.819569145931651     
  0.1538837        0.822514002007771     
  0.1563263        0.825432910906311     
  0.1587689        0.828325740637036     
  0.1612115        0.831192361227155     
  0.1636541        0.834032644733718     
  0.1660967        0.836846465255761     
  0.1685393        0.839633698946214     
  0.1709819        0.842394224023552     
  0.1734245        0.845127920783202     
  0.1758671        0.847834671608702     
  0.1783097        0.850514360982599     
  0.1807523        0.853166875497109     
  0.1831949        0.855792103864507     
  0.1856375        0.858389936927270     
  0.1880801        0.860960267667963     
  0.1905227        0.863502991218868     
  0.1929653        0.866018004871346     
  0.1954079        0.868505208084949     
  0.1978505        0.870964502496263     
  0.2002931        0.873395791927495     
  0.2027357        0.875798982394793     
  0.2051783        0.878173982116298     
  0.2076209        0.880520701519941     
  0.2100635        0.882839053250965     
  0.2125061        0.885128952179182     
  0.2149487        0.887390315405962     
  0.2173913        0.889623062270960     
  0.2198339        0.891827114358562     
  0.2222765        0.894002395504069     
  0.2247191        0.896148831799609     
  0.2271617        0.898266351599776     
  0.2296043        0.900354885526997     
  0.2320469        0.902414366476630     
  0.2344895        0.904444729621781     
  0.2369321        0.906445912417857     
  0.2393747        0.908417854606838     
  0.2418173        0.910360498221278     
  0.2442598        0.912273787588028     
  0.2467024        0.914157669331689     
  0.2491450        0.916012092377781     
  0.2515877        0.917837007955648     
  0.2540303        0.919632369601074     
  0.2564729        0.921398133158633     
  0.2589155        0.923134256783758     
  0.2613581        0.924840700944534     
  0.2638007        0.926517428423211     
  0.2662432        0.928164404317450     
  0.2686858        0.929781596041282     
  0.2711284        0.931368973325795     
  0.2735710        0.932926508219547     
  0.2760136        0.934454175088695     
  0.2784562        0.935951950616854     
  0.2808988        0.937419813804679     
  0.2833414        0.938857745969168     
  0.2857840        0.940265730742696     
  0.2882266        0.941643754071760     
  0.2906692        0.942991804215468     
  0.2931118        0.944309871743735     
  0.2955544        0.945597949535218     
  0.2979970        0.946856032774970     
  0.3004396        0.948084118951820     
  0.3028822        0.949282207855488     
  0.3053248        0.950450301573418     
  0.3077674        0.951588404487343     
  0.3102100        0.952696523269583     
  0.3126526        0.953774666879066     
  0.3150952        0.954822846557081     
  0.3175378        0.955841075822767     
  0.3199804        0.956829370468325     
  0.3224230        0.957787748553969     
  0.3248656        0.958716230402610     
  0.3273082        0.959614838594269     
  0.3297508        0.960483597960230     
  0.3321934        0.961322535576932     
  0.3346360        0.962131680759585     
  0.3370786        0.962911065055541     
  0.3395212        0.963660722237391     
  0.3419638        0.964380688295810     
  0.3444064        0.965071001432138     
  0.3468490        0.965731702050705     
  0.3492916        0.966362832750905     
  0.3517342        0.966964438319005     
  0.3541768        0.967536565719709     
  0.3566194        0.968079264087462     
  0.3590620        0.968592584717512     
  0.3615046        0.969076581056709     
  0.3639472        0.969531308694072     
  0.3663898        0.969956825351091     
  0.3688324        0.970353190871798     
  0.3712750        0.970720467212586     
  0.3737176        0.971058718431789     
  0.3761602        0.971368010679015     
  0.3786028        0.971648412184249     
  0.3810454        0.971899993246710     
  0.3834880        0.972122826223476     
  0.3859306        0.972316985517870     
  0.3883732        0.972482547567621     
  0.3908158        0.972619590832785     
  0.3932584        0.972728195783443     
  0.3957010        0.972808444887167     
  0.3981436        0.972860422596266     
  0.4005862        0.972884215334799     
  0.4030288        0.972879911485379     
  0.4054714        0.972847601375742     
  0.4079140        0.972787377265110     
  0.4103566        0.972699333330334     
  0.4127991        0.972583565651817     
  0.4152417        0.972440172199236     
  0.4176843        0.972269252817043     
  0.4201269        0.972070909209769     
  0.4225695        0.971845244927110     
  0.4250121        0.971592365348818     
  0.4274547        0.971312377669390     
  0.4298973        0.971005390882554     
  0.4323399        0.970671515765556     
  0.4347825        0.970310864863264     
  0.4372251        0.969923552472064     
  0.4396677        0.969509694623574     
  0.4421103        0.969069409068171     
  0.4445529        0.968602815258330     
  0.4469955        0.968110034331776     
  0.4494381        0.967591189094464     
  0.4518807        0.967046404003372     
  0.4543233        0.966475805149122     
  0.4567659        0.965879520238429     
  0.4592085        0.965257678576375     
  0.4616511        0.964610411048514     
  0.4640937        0.963937850102818     
  0.4665363        0.963240129731448     
  0.4689789        0.962517385452379     
  0.4714215        0.961769754290848     
  0.4738641        0.960997374760667     
  0.4763067        0.960200386845362     
  0.4787493        0.959378931979178     
  0.4811919        0.958533153027930     
  0.4836345        0.957663194269704     
  0.4860771        0.956769201375424     
  0.4885197        0.955851321389275     
  0.4909623        0.954909702708986     
  0.4934049        0.953944495065987     
  0.4958475        0.952955849505426     
  0.4982901        0.951943918366061     
  0.5007327        0.950908855260026     
  0.5031753        0.949850815052476     
  0.5056179        0.948769953841107     
  0.5080605        0.947666428935560     
  0.5105031        0.946540398836714     
  0.5129457        0.945392023215862     
  0.5153883        0.944221462893784     
  0.5178309        0.943028879819705     
  0.5202735        0.941814437050163     
  0.5227161        0.940578298727763     
  0.5251587        0.939320630059844     
  0.5276013        0.938041597297047     
  0.5300439        0.936741367711793     
  0.5324865        0.935420109576671     
  0.5349291        0.934077992142743     
  0.5373717        0.932715185617768     
  0.5398143        0.931331861144337     
  0.5422569        0.929928190777948     
  0.5446995        0.928504347464990     
  0.5471421        0.927060505020671     
  0.5495847        0.925596838106867     
  0.5520273        0.924113522209918     
  0.5544699        0.922610733618352     
  0.5569125        0.921088649400559     
  0.5593551        0.919547447382402     
  0.5617977        0.917987306124785     
  0.5642403        0.916408404901163     
  0.5666829        0.914810923675014     
  0.5691255        0.913195043077259     
  0.5715681        0.911560944383651     
  0.5740107        0.909908809492120     
  0.5764533        0.908238820900089     
  0.5788959        0.906551161681759     
  0.5813385        0.904846015465361     
  0.5837811        0.903123566410390     
  0.5862237        0.901383999184813     
  0.5886663        0.899627498942264     
  0.5911089        0.897854251299214     
  0.5935515        0.896064442312142     
  0.5959941        0.894258258454680     
  0.5984367        0.892435886594772     
  0.6008793        0.890597513971811     
  0.6033219        0.888743328173788     
  0.6057644        0.886873517114442     
  0.6082070        0.884988269010409     
  0.6106496        0.883087772358390     
  0.6130922        0.881172215912327     
  0.6155348        0.879241788660591     
  0.6179774        0.877296679803195     
  0.6204200        0.875337078729024     
  0.6228626        0.873363174993088     
  0.6253052        0.871375158293808     
  0.6277478        0.869373218450329     
  0.6301904        0.867357545379863     
  0.6326330        0.865328329075077     
  0.6350756        0.863285759581514     
  0.6375182        0.861230026975057     
  0.6399608        0.859161321339439     
  0.6424034        0.857079832743808     
  0.6448460        0.854985751220328     
  0.6472886        0.852879266741851     
  0.6497312        0.850760569199639     
  0.6521738        0.848629848381141     
  0.6546164        0.846487293947842     
  0.6570590        0.844333095413176     
  0.6595016        0.842167442120503     
  0.6619442        0.839990523221164     
  0.6643868        0.837802527652604     
  0.6668294        0.835603644116583     
  0.6692720        0.833394061057453     
  0.6717146        0.831173966640533     
  0.6741572        0.828943548730558     
  0.6765998        0.826702994870225     
  0.6790424        0.824452492258828     
  0.6814850        0.822192227730983     
  0.6839276        0.819922387735458     
  0.6863702        0.817643158314099     
  0.6888128        0.815354725080854     
  0.6912554        0.813057273200913     
  0.6936980        0.810750987369946     
  0.6961406        0.808436051793457     
  0.6985832        0.806112650166249     
  0.7010258        0.803780965652006     
  0.7034684        0.801441180862993     
  0.7059110        0.799093477839880     
  0.7083536        0.796738038031684     
  0.7107962        0.794375042275839     
  0.7132388        0.792004670778403     
  0.7156814        0.789627103094383     
  0.7181240        0.787242518108203     
  0.7205666        0.784851094014306     
  0.7230092        0.782453008297892     
  0.7254518        0.780048437715802     
  0.7278944        0.777637558277543     
  0.7303370        0.775220545226455     
  0.7327796        0.772797573021037     
  0.7352222        0.770368815316410     
  0.7376648        0.767934444945944     
  0.7401074        0.765494633903035     
  0.7425500        0.763049553323037     
  0.7449926        0.760599373465364     
  0.7474352        0.758144263695741     
  0.7498778        0.755684392468627     
  0.7523203        0.753219927309802     
  0.7547629        0.750751034799127     
  0.7572055        0.748277880553462     
  0.7596481        0.745800629209772     
  0.7620907        0.743319444408396     
  0.7645333        0.740834488776500     
  0.7669759        0.738345923911706     
  0.7694185        0.735853910365898     
  0.7718611        0.733358607629219     
  0.7743037        0.730860174114242     
  0.7767463        0.728358767140338     
  0.7791889        0.725854542918225     
  0.7816315        0.723347656534708     
  0.7840741        0.720838261937615     
  0.7865167        0.718326511920921     
  0.7889593        0.715812558110075     
  0.7914019        0.713296550947513     
  0.7938445        0.710778639678380     
  0.7962871        0.708258972336449     
  0.7987297        0.705737695730242     
  0.8011723        0.703214955429351     
  0.8036149        0.700690895750972     
  0.8060575        0.698165659746638     
  0.8085001        0.695639389189169     
  0.8109427        0.693112224559820     
  0.8133853        0.690584305035651     
  0.8158279        0.688055768477104     
  0.8182705        0.685526751415796     
  0.8207131        0.682997389042527     
  0.8231557        0.680467815195503     
  0.8255983        0.677938162348777     
  0.8280409        0.675408561600916     
  0.8304835        0.672879142663876     
  0.8329261        0.670350033852110     
  0.8353687        0.667821362071890     
  0.8378113        0.665293252810861     
  0.8402539        0.662765830127814     
  0.8426965        0.660239216642684     
  0.8451391        0.657713533526782     
  0.8475817        0.655188900493247     
  0.8500243        0.652665435787733     
  0.8524669        0.650143256179320     
  0.8549095        0.647622476951663     
  0.8573521        0.645103211894365     
  0.8597947        0.642585573294586     
  0.8622373        0.640069671928886     
  0.8646799        0.637555617055300     
  0.8671225        0.635043516405650     
  0.8695651        0.632533476178087     
  0.8720077        0.630025601029874     
  0.8744503        0.627519994070404     
  0.8768929        0.625016756854454     
  0.8793355        0.622515989375679     
  0.8817781        0.620017790060341     
  0.8842207        0.617522255761277     
  0.8866633        0.615029481752108     
  0.8891059        0.612539561721688     
  0.8915485        0.610052587768788     
  0.8939911        0.607568650397026     
  0.8964337        0.605087838510030     
  0.8988762        0.602610239406851     
  0.9013188        0.600135938777609     
  0.9037614        0.597665020699383     
  0.9062040        0.595197567632343     
  0.9086466        0.592733660416121     
  0.9110892        0.590273378266426     
  0.9135318        0.587816798771897     
  0.9159744        0.585363997891201     
  0.9184170        0.582915049950371     
  0.9208596        0.580470027640384     
  0.9233022        0.578029002014980     
  0.9257448        0.575592042488729     
  0.9281874        0.573159216835327     
  0.9306300        0.570730591186142     
  0.9330726        0.568306230028997     
  0.9355152        0.565886196207198     
  0.9379578        0.563470550918788     
  0.9404004        0.561059353716063     
  0.9428430        0.558652662505305     
  0.9452856        0.556250533546767     
  0.9477282        0.553853021454895     
  0.9501708        0.551460179198782     
  0.9526134        0.549072058102868     
  0.9550560        0.546688707847867     
  0.9574986        0.544310176471939     
  0.9599412        0.541936510372095     
  0.9623838        0.539567754305832     
  0.9648264        0.537203951393013     
  0.9672690        0.534845143117969     
  0.9697116        0.532491369331842     
  0.9721542        0.530142668255158     
  0.9745968        0.527799076480629     
  0.9770394        0.525460628976190     
  0.9794820        0.523127359088260     
  0.9819246        0.520799298545240     
  0.9843672        0.518476477461228     
  0.9868098        0.516158924339970     
  0.9892524        0.513846666079036     
  0.9916950        0.511539727974210     
  0.9941376        0.509238133724124     
  0.9965802        0.506941905435091     
  0.9990228        0.504651063626182     
   1.001465        0.502365627234503     
   1.003908        0.500085613620710     
   1.006351        0.497811038574728     
   1.008793        0.495541916321692     
   1.011236        0.493278259528106     
   1.013678        0.491020079308210     
   1.016121        0.488767385230569     
   1.018564        0.486520185324860     
   1.021006        0.484278486088885     
   1.023449        0.482042292495778     
   1.025891        0.479811608001431     
   1.028334        0.477586434552118     
   1.030777        0.475366772592326     
   1.033219        0.473152621072790     
   1.035662        0.470943977458724     
   1.038104        0.468740837738261     
   1.040547        0.466543196431080     
   1.042990        0.464351046597237     
   1.045432        0.462164379846188     
   1.047875        0.459983186346002     
   1.050317        0.457807454832774     
   1.052760        0.455637172620215     
   1.055203        0.453472325609439     
   1.057645        0.451312898298937     
   1.060088        0.449158873794722     
   1.062530        0.447010233820675     
   1.064973        0.444866958729054     
   1.067416        0.442729027511194     
   1.069858        0.440596417808375     
   1.072301        0.438469105922871     
   1.074743        0.436347066829165     
   1.077186        0.434230274185341     
   1.079629        0.432118700344641     
   1.082071        0.430012316367187     
   1.084514        0.427911092031875     
   1.086956        0.425814995848420     
   1.089399        0.423723995069568     
   1.091842        0.421638055703472     
   1.094284        0.419557142526207     
   1.096727        0.417481219094460     
   1.099169        0.415410247758352     
   1.101612        0.413344189674425     
   1.104055        0.411283004818765     
   1.106497        0.409226652000277     
   1.108940        0.407175088874101     
   1.111382        0.405128271955165     
   1.113825        0.403086156631883     
   1.116268        0.401048697179980     
   1.118710        0.399015846776459     
   1.121153        0.396987557513697     
   1.123595        0.394963780413663     
   1.126038        0.392944465442271     
   1.128481        0.390929561523855     
   1.130923        0.388919016555761     
   1.133366        0.386912777423067     
   1.135808        0.384910790013408     
   1.138251        0.382912999231926     
   1.140694        0.380919349016326     
   1.143136        0.378929782352045     
   1.145579        0.376944241287523     
   1.148021        0.374962666949583     
   1.150464        0.372984999558910     
   1.152907        0.371011178445630     
   1.155349        0.369041142064990     
   1.157792        0.367074828013122     
   1.160234        0.365112173042911     
   1.162677        0.363153113079942     
   1.165120        0.361197583238539     
   1.167562        0.359245517837889     
   1.170005        0.357296850418239     
   1.172447        0.355351513757183     
   1.174890        0.353409439886019     
   1.177333        0.351470560106176     
   1.179775        0.349534805005721     
   1.182218        0.347602104475926     
   1.184660        0.345672387727903     
   1.187103        0.343745583309307     
   1.189546        0.341821619121090     
   1.191988        0.339900422434319     
   1.194431        0.337981919907048     
   1.196873        0.336066037601239     
   1.199316        0.334152700999739     
   1.201759        0.332241835023297     
   1.204201        0.330333364047626     
   1.206644        0.328427211920513     
   1.209086        0.326523301978963     
   1.211529        0.324621557066373     
   1.213971        0.322721899549753     
   1.216414        0.320824251336969     
   1.218857        0.318928533894011     
   1.221299        0.317034668262295     
   1.223742        0.315142575075984     
   1.226184        0.313252174579324     
   1.228627        0.311363386644006     
   1.231070        0.309476130786536     
   1.233512        0.307590326185618     
   1.235955        0.305705891699548     
   1.238397        0.303822745883614     
   1.240840        0.301940807007498     
   1.243283        0.300059993072681     
   1.245725        0.298180221829845     
   1.248168        0.296301410796272     
   1.250610        0.294423477273235     
   1.253053        0.292546338363380     
   1.255496        0.290669910988093     
   1.257938        0.288794111904859     
   1.260381        0.286918857724596     
   1.262823        0.285044064928972     
   1.265266        0.283169649887697     
   1.267709        0.281295528875796     
   1.270151        0.279421618090844     
   1.272594        0.277547833670176     
   1.275036        0.275674091708066     
   1.277479        0.273800308272865     
   1.279922        0.271926399424101     
   1.282364        0.270052281229541     
   1.284807        0.268177869782208     
   1.287249        0.266303081217348     
   1.289692        0.264427831729355     
   1.292135        0.262552037588638     
   1.294577        0.260675615158440     
   1.297020        0.258798480911594     
   1.299462        0.256920551447229     
   1.301905        0.255041743507402     
   1.304348        0.253161973993680     
   1.306790        0.251281159983646     
   1.309233        0.249399218747339     
   1.311675        0.247516067763623     
   1.314118        0.245631624736485     
   1.316561        0.243745807611248     
   1.319003        0.241858534590720     
   1.321446        0.239969724151246     
   1.323888        0.238079295058687     
   1.326331        0.236187166384315     
   1.328774        0.234293257520610     
   1.331216        0.232397488196975     
   1.333659        0.230499778495359     
   1.336101        0.228600048865776     
   1.338544        0.226698220141741     
   1.340987        0.224794213555593     
   1.343429        0.222887950753723     
   1.345872        0.220979353811703     
   1.348314        0.219068345249294     
   1.350757        0.217154848045367     
   1.353200        0.215238785652690     
   1.355642        0.213320082012626     
   1.358085        0.211398661569697     
   1.360527        0.209474449286044     
   1.362970        0.207547370655761     
   1.365413        0.205617351719114     
   1.367855        0.203684319076632     
   1.370298        0.201748199903077     
   1.372740        0.199808921961284     
   1.375183        0.197866413615877     
   1.377626        0.195920603846846     
   1.380068        0.193971422263003     
   1.382511        0.192018799115294     
   1.384953        0.190062665309976     
   1.387396        0.188102952421662     
   1.389839        0.186139592706217     
   1.392281        0.184172519113523     
   1.394724        0.182201665300085     
   1.397166        0.180226965641509     
   1.399609        0.178248355244820     
   1.402052        0.176265769960640     
   1.404494        0.174279146395205     
   1.406937        0.172288421922242     
   1.409379        0.170293534694684     
   1.411822        0.168294423656233     
   1.414265        0.166291028552763     
   1.416707        0.164283289943570     
   1.419150        0.162271149212457     
   1.421592        0.160254548578660     
   1.424035        0.158233431107606     
   1.426478        0.156207740721520     
   1.428920        0.154177422209847     
   1.431363        0.152142421239523     
   1.433805        0.150102684365072     
   1.436248        0.148058159038527     
   1.438691        0.146008793619191     
   1.441133        0.143954537383215     
   1.443576        0.141895340533013     
   1.446018        0.139831154206489     
   1.448461        0.137761930486103     
   1.450904        0.135687622407744     
   1.453346        0.133608183969438     
   1.455789        0.131523570139871     
   1.458231        0.129433736866729     
   1.460674        0.127338641084858     
   1.463117        0.125238240724246     
   1.465559        0.123132494717816     
   1.468002        0.121021363009036     
   1.470444        0.118904806559344     
   1.472887        0.116782787355385     
   1.475330        0.114655268416065     
   1.477772        0.112522213799413     
   1.480215        0.110383588609254     
   1.482657        0.108239359001696     
   1.485100        0.106089492191423     
   1.487543        0.103933956457798     
   1.489985        0.101772721150777     
   1.492428        9.960575669662530E-002
   1.494870        9.743303460344621E-002
   1.497313        9.525452746651308E-002
   1.499756        9.307020897340756E-002
   1.502198        9.088005390896386E-002
   1.504641        8.868403816001824E-002
   1.507083        8.648213871996113E-002
   1.509526        8.427433369309606E-002
   1.511968        8.206060229879908E-002
   1.514411        7.984092487548361E-002
   1.516854        7.761528288436753E-002
   1.519296        7.538365891304255E-002
   1.521739        7.314603667884650E-002
   1.524181        7.090240103203677E-002
   1.526624        6.865273795876686E-002
   1.529067        6.639703458386331E-002
   1.531509        6.413527917340550E-002
   1.533952        6.186746113710578E-002
   1.536394        5.959357103049207E-002
   1.538837        5.731360055688989E-002
   1.541280        5.502754256920833E-002
   1.543722        5.273539107152470E-002
   1.546165        5.043714122047249E-002
   1.548607        4.813278932642961E-002
   1.551050        4.582233285450832E-002
   1.553493        4.350577042534809E-002
   1.555935        4.118310181570728E-002
   1.558378        3.885432795886057E-002
   1.560820        3.651945094479625E-002
   1.563263        3.417847402021618E-002
   1.565706        3.183140158833958E-002
   1.568148        2.947823920850923E-002
   1.570591        2.711899359560088E-002
   1.573033        2.475367261923761E-002
   1.575476        2.238228530280806E-002
   1.577919        2.000484182228790E-002
   1.580361        1.762135350486921E-002
   1.582804        1.523183282739332E-002
   1.585246        1.283629341459047E-002
   1.587689        1.043475003712790E-002
   1.590132        8.027218609462483E-003
   1.592574        5.613716187504059E-003
   1.595017        3.194260966085327E-003
   1.597459        7.688722762430045E-004
   1.599902       -1.662429417691957E-003
   1.602345       -4.099622521193447E-003
   1.604787       -6.542684312827507E-003
   1.607230       -8.991590947726502E-003
   1.609672       -1.144631746125041E-002
   1.612115       -1.390683777283513E-002
   1.614558       -1.637312469002405E-002
   1.617000       -1.884514991268466E-002
   1.619443       -2.132288403740834E-002
   1.621885       -2.380629656209154E-002
   1.624328       -2.629535589069959E-002
   1.626771       -2.879002933820851E-002
   1.629213       -3.129028313572824E-002
   1.631656       -3.379608243580179E-002
   1.634098       -3.630739131788274E-002
   1.636541       -3.882417279398798E-002
   1.638984       -4.134638881452407E-002
   1.641426       -4.387400027428917E-002
   1.643869       -4.640696701864494E-002
   1.646311       -4.894524784986087E-002
   1.648754       -5.148880053362664E-002
   1.651197       -5.403758180573509E-002
   1.653639       -5.659154737892991E-002
   1.656082       -5.915065194992092E-002
   1.658524       -6.171484920656223E-002
   1.660967       -6.428409183519435E-002
   1.663410       -6.685833152814674E-002
   1.665852       -6.943751899140160E-002
   1.668295       -7.202160395241602E-002
   1.670737       -7.461053516809935E-002
   1.673180       -7.720426043294970E-002
   1.675623       -7.980272658734072E-002
   1.678065       -8.240587952596379E-002
   1.680508       -8.501366420641870E-002
   1.682950       -8.762602465795671E-002
   1.685393       -9.024290399036711E-002
   1.687836       -9.286424440301344E-002
   1.690278       -9.548998719401264E-002
   1.692721       -9.812007276955576E-002
   1.695163       -0.100754440653372     
   1.697606       -0.103393029496330     
   1.700049       -0.106035777086176     
   1.702491       -0.108682620357411     
   1.704934       -0.111333495401297     
   1.707376       -0.113988337476002     
   1.709819       -0.116647081016865     
   1.712262       -0.119309659646800     
   1.714704       -0.121976006186821     
   1.717147       -0.124646052666689     
   1.719589       -0.127319730335692     
   1.722032       -0.129996969673532     
   1.724475       -0.132677700401340     
   1.726917       -0.135361851492806     
   1.729360       -0.138049351185424     
   1.731802       -0.140740126991847     
   1.734245       -0.143434105711357     
   1.736688       -0.146131213441437     
   1.739130       -0.148831375589464     
   1.741573       -0.151534516884488     
   1.744015       -0.154240561389126     
   1.746458       -0.156949432511556     
   1.748901       -0.159661053017604     
   1.751343       -0.162375345042930     
   1.753786       -0.165092230105310     
   1.756228       -0.167811629117009     
   1.758671       -0.170533462397241     
   1.761114       -0.173257649684721     
   1.763556       -0.175984110150301     
   1.765999       -0.178712762409687     
   1.768441       -0.181443524536240     
   1.770884       -0.184176314073859     
   1.773327       -0.186911048049930     
   1.775769       -0.189647642988362     
   1.778212       -0.192386014922689     
   1.780654       -0.195126079409238     
   1.783097       -0.197867751540376     
   1.785540       -0.200610945957813     
   1.787982       -0.203355576865968     
   1.790425       -0.206101558045405     
   1.792867       -0.208848802866317     
   1.795310       -0.211597224302074     
   1.797752       -0.214346734942817     
   1.800195       -0.217097247009115     
   1.802638       -0.219848672365661     
   1.805080       -0.222600922535019     
   1.807523       -0.225353908711417     
   1.809965       -0.228107541774580     
   1.812408       -0.230861732303604     
   1.814851       -0.233616390590867     
   1.817293       -0.236371426655979     
   1.819736       -0.239126750259758     
   1.822178       -0.241882270918243     
   1.824621       -0.244637897916732     
   1.827064       -0.247393540323844     
   1.829506       -0.250149107005614     
   1.831949       -0.252904506639592     
   1.834391       -0.255659647728983     
   1.836834       -0.258414438616779     
   1.839277       -0.261168787499928     
   1.841719       -0.263922602443496     
   1.844162       -0.266675791394853     
   1.846604       -0.269428262197852     
   1.849047       -0.272179922607027     
   1.851490       -0.274930680301782     
   1.853932       -0.277680442900582     
   1.856375       -0.280429117975148     
   1.858817       -0.283176613064639     
   1.861260       -0.285922835689830     
   1.863703       -0.288667693367281     
   1.866145       -0.291411093623495     
   1.868588       -0.294152944009056     
   1.871030       -0.296893152112759     
   1.873473       -0.299631625575712     
   1.875916       -0.302368272105423     
   1.878358       -0.305102999489864     
   1.880801       -0.307835715611499     
   1.883243       -0.310566328461299     
   1.885686       -0.313294746152714     
   1.888129       -0.316020876935615     
   1.890571       -0.318744629210207     
   1.893014       -0.321465911540895     
   1.895456       -0.324184632670117     
   1.897899       -0.326900701532134     
   1.900342       -0.329614027266770     
   1.902784       -0.332324519233114     
   1.905227       -0.335032087023169     
   1.907669       -0.337736640475446     
   1.910112       -0.340438089688513     
   1.912555       -0.343136345034481     
   1.914997       -0.345831317172437     
   1.917440       -0.348522917061815     
   1.919882       -0.351211055975706     
   1.922325       -0.353895645514101     
   1.924768       -0.356576597617073     
   1.927210       -0.359253824577885     
   1.929653       -0.361927239056028     
   1.932095       -0.364596754090191     
   1.934538       -0.367262283111152     
   1.936981       -0.369923739954589     
   1.939423       -0.372581038873821     
   1.941866       -0.375234094552459     
   1.944308       -0.377882822116977     
   1.946751       -0.380527137149200     
   1.949194       -0.383166955698701     
   1.951636       -0.385802194295114     
   1.954079       -0.388432769960346     
   1.956521       -0.391058600220707     
   1.958964       -0.393679603118939     
   1.961407       -0.396295697226149     
   1.963849       -0.398906801653639     
   1.966292       -0.401512836064646     
   1.968734       -0.404113720685966     
   1.971177       -0.406709376319480     
   1.973620       -0.409299724353576     
   1.976062       -0.411884686774458     
   1.978505       -0.414464186177345     
   1.980947       -0.417038145777561     
   1.983390       -0.419606489421511     
   1.985833       -0.422169141597536     
   1.988275       -0.424726027446659     
   1.990718       -0.427277072773207     
   1.993160       -0.429822204055314     
   1.995603       -0.432361348455300     
   1.998046       -0.434894433829928     
   2.000488       -0.437421388740537     
   2.002931       -0.439942142463043     
   2.005373       -0.442456624997814     
   2.007816       -0.444964767079418     
   2.010259       -0.447466500186232     
   2.012701       -0.449961756549925     
   2.015144       -0.452450469164802     
   2.017586       -0.454932571797009     
   2.020029       -0.457407998993611     
   2.022472       -0.459876686091516     
   2.024914       -0.462338569226272     
   2.027357       -0.464793585340712     
   2.029799       -0.467241672193463     
   2.032242       -0.469682768367306     
   2.034685       -0.472116813277390     
   2.037127       -0.474543747179305     
   2.039570       -0.476963511176995     
   2.042012       -0.479376047230535     
   2.044455       -0.481781298163743     
   2.046898       -0.484179207671656     
   2.049340       -0.486569720327835     
   2.051783       -0.488952781591533     
   2.054225       -0.491328337814691     
   2.056668       -0.493696336248796     
   2.059111       -0.496056725051560     
   2.061553       -0.498409453293462     
   2.063996       -0.500754470964113     
   2.066438       -0.503091728978472     
   2.068881       -0.505421179182894     
   2.071324       -0.507742774361020     
   2.073766       -0.510056468239501     
   2.076209       -0.512362215493557     
   2.078651       -0.514659971752376     
   2.081094       -0.516949693604339     
   2.083537       -0.519231338602090     
   2.085979       -0.521504865267427     
   2.088422       -0.523770233096035     
   2.090864       -0.526027402562040     
   2.093307       -0.528276335122404     
   2.095750       -0.530516993221142     
   2.098192       -0.532749340293378     
   2.100635       -0.534973340769216     
   2.103077       -0.537188960077450     
   2.105520       -0.539396164649102     
   2.107963       -0.541594921920780     
   2.110405       -0.543785200337868     
   2.112848       -0.545966969357546     
   2.115290       -0.548140199451621     
   2.117733       -0.550304862109207     
   2.120176       -0.552460929839207     
   2.122618       -0.554608376172636     
   2.125061       -0.556747175664760     
   2.127503       -0.558877303897066     
   2.129946       -0.560998737479049     
   2.132389       -0.563111454049827     
   2.134831       -0.565215432279581     
   2.137274       -0.567310651870819     
   2.139716       -0.569397093559455     
   2.142159       -0.571474739115724     
   2.144602       -0.573543571344914     
   2.147044       -0.575603574087919     
   2.149487       -0.577654732221619     
   2.151929       -0.579697031659084     
   2.154372       -0.581730459349602     
   2.156815       -0.583755003278523     
   2.159257       -0.585770652466937     
   2.161700       -0.587777396971169     
   2.164142       -0.589775227882103     
   2.166585       -0.591764137324323     
   2.169028       -0.593744118455088     
   2.171470       -0.595715165463123     
   2.173913       -0.597677273567236     
   2.176355       -0.599630439014772     
   2.178798       -0.601574659079875     
   2.181241       -0.603509932061587     
   2.183683       -0.605436257281772     
   2.186126       -0.607353635082867     
   2.188568       -0.609262066825455     
   2.191011       -0.611161554885674     
   2.193454       -0.613052102652451     
   2.195896       -0.614933714524560     
   2.198339       -0.616806395907517     
   2.200781       -0.618670153210303     
   2.203224       -0.620524993841914     
   2.205667       -0.622370926207745     
   2.208109       -0.624207959705811     
   2.210552       -0.626036104722787     
   2.212994       -0.627855372629900     
   2.215437       -0.629665775778639     
   2.217880       -0.631467327496309     
   2.220322       -0.633260042081420     
   2.222765       -0.635043934798908     
   2.225207       -0.636819021875201     
   2.227650       -0.638585320493118     
   2.230093       -0.640342848786609     
   2.232535       -0.642091625835332     
   2.234978       -0.643831671659084     
   2.237420       -0.645563007212055     
   2.239863       -0.647285654376944     
   2.242306       -0.648999635958905     
   2.244748       -0.650704975679350     
   2.247191       -0.652401698169589     
   2.249633       -0.654089828964327     
   2.252076       -0.655769394495000     
   2.254519       -0.657440422082974     
   2.256961       -0.659102939932580     
   2.259404       -0.660756977124014     
   2.261846       -0.662402563606087     
   2.264289       -0.664039730188827     
   2.266732       -0.665668508535941     
   2.269174       -0.667288931157136     
   2.271617       -0.668901031400293     
   2.274059       -0.670504843443509     
   2.276502       -0.672100402286997     
   2.278944       -0.673687743744846     
   2.281387       -0.675266904436655     
   2.283830       -0.676837921779024     
   2.286272       -0.678400833976917     
   2.288715       -0.679955680014894     
   2.291157       -0.681502499648215     
   2.293600       -0.683041333393812     
   2.296043       -0.684572222521138     
   2.298485       -0.686095209042892     
   2.300928       -0.687610335705622     
   2.303370       -0.689117645980198     
   2.305813       -0.690617184052180     
   2.308256       -0.692108994812054     
   2.310698       -0.693593123845363     
   2.313141       -0.695069617422713     
   2.315583       -0.696538522489675     
   2.318026       -0.697999886656569     
   2.320469       -0.699453758188146     
   2.322911       -0.700900185993154     
   2.325354       -0.702339219613804     
   2.327796       -0.703770909215131     
   2.330239       -0.705195305574253     
   2.332682       -0.706612460069524     
   2.335124       -0.708022424669601     
   2.337567       -0.709425251922400     
   2.340009       -0.710820994943969     
   2.342452       -0.712209707407261     
   2.344895       -0.713591443530820     
   2.347337       -0.714966258067374     
   2.349780       -0.716334206292348     
   2.352222       -0.717695343992286     
   2.354665       -0.719049727453190     
   2.357108       -0.720397413448781     
   2.359550       -0.721738459228682     
   2.361993       -0.723072922506519     
   2.364435       -0.724400861447951     
   2.366878       -0.725722334658628     
   2.369321       -0.727037401172070     
   2.371763       -0.728346120437493     
   2.374206       -0.729648552307548     
   2.376648       -0.730944757026017     
   2.379091       -0.732234795215428     
   2.381534       -0.733518727864618     
   2.383976       -0.734796616316241     
   2.386419       -0.736068522254213     
   2.388861       -0.737334507691106     
   2.391304       -0.738594634955491     
   2.393747       -0.739848966679231     
   2.396189       -0.741097565784722     
   2.398632       -0.742340495472098     
   2.401074       -0.743577819206383     
   2.403517       -0.744809600704609     
   2.405960       -0.746035903922889     
   2.408402       -0.747256793043463     
   2.410845       -0.748472332461697     
   2.413287       -0.749682586773061     
   2.415730       -0.750887620760068     
   2.418173       -0.752087499379195     
   2.420615       -0.753282287747769     
   2.423058       -0.754472051130835     
   2.425500       -0.755656854928002     
   2.427943       -0.756836764660270     
   2.430386       -0.758011845956839     
   2.432828       -0.759182164541907     
   2.435271       -0.760347786221452     
   2.437713       -0.761508776870006     
   2.440156       -0.762665202417424     
   2.442599       -0.763817128835642     
   2.445041       -0.764964622125435     
   2.447484       -0.766107748303176     
   2.449926       -0.767246573387592     
   2.452369       -0.768381163386529     
   2.454812       -0.769511584283715     
   2.457254       -0.770637902025542     
   2.459697       -0.771760182507847     
   2.462139       -0.772878491562713     
   2.464582       -0.773992894945285     
   2.467025       -0.775103458320597     
   2.469467       -0.776210247250423     
   2.471910       -0.777313327180151     
   2.474352       -0.778412763425676     
   2.476795       -0.779508621160324     
   2.479238       -0.780600965401797     
   2.481680       -0.781689860999159     
   2.484123       -0.782775372619846     
   2.486565       -0.783857564736712     
   2.489008       -0.784936501615116     
   2.491451       -0.786012247300047     
   2.493893       -0.787084865603286     
   2.496336       -0.788154420090616     
   2.498778       -0.789220974069081     
   2.501221       -0.790284590574282     
   2.503664       -0.791345332357735     
   2.506106       -0.792403261874273     
   2.508549       -0.793458441269508     
   2.510991       -0.794510932367347     
   2.513434       -0.795560796657563     
   2.515877       -0.796608095283435     
   2.518319       -0.797652889029446     
   2.520762       -0.798695238309041     
   2.523204       -0.799735203152464     
   2.525647       -0.800772843194656     
   2.528090       -0.801808217663223     
   2.530532       -0.802841385366481     
   2.532975       -0.803872404681576     
   2.535417       -0.804901333542683     
   2.537860       -0.805928229429275     
   2.540303       -0.806953149354486     
   2.542745       -0.807976149853549     
   2.545188       -0.808997286972324     
   2.547630       -0.810016616255907     
   2.550073       -0.811034192737334     
   2.552516       -0.812050070926374     
   2.554958       -0.813064304798416     
   2.557401       -0.814076947783448     
   2.559843       -0.815088052755137     
   2.562286       -0.816097672020003     
   2.564728       -0.817105857306698     
   2.567171       -0.818112659755383     
   2.569614       -0.819118129907215     
   2.572056       -0.820122317693931     
   2.574499       -0.821125272427549     
   2.576941       -0.822127042790176     
   2.579384       -0.823127676823920     
   2.581827       -0.824127221920925     
   2.584269       -0.825125724813517     
   2.586712       -0.826123231564464     
   2.589154       -0.827119787557354     
   2.591597       -0.828115437487100     
   2.594040       -0.829110225350555     
   2.596482       -0.830104194437261     
   2.598925       -0.831097387320315     
   2.601367       -0.832089845847362     
   2.603810       -0.833081611131719     
   2.606253       -0.834072723543629     
   2.608695       -0.835063222701639     
   2.611138       -0.836053147464115     
   2.613580       -0.837042535920892     
   2.616023       -0.838031425385057     
   2.618466       -0.839019852384867     
   2.620908       -0.840007852655809     
   2.623351       -0.840995461132795     
   2.625793       -0.841982711942501     
   2.628236       -0.842969638395845     
   2.630679       -0.843956272980613     
   2.633121       -0.844942647354227     
   2.635564       -0.845928792336653     
   2.638006       -0.846914737903468     
   2.640449       -0.847900513179067     
   2.642892       -0.848886146430021     
   2.645334       -0.849871665058587     
   2.647777       -0.850857095596369     
   2.650219       -0.851842463698132     
   2.652662       -0.852827794135772     
   2.655105       -0.853813110792436     
   2.657547       -0.854798436656804     
   2.659990       -0.855783793817525     
   2.662432       -0.856769203457813     
   2.664875       -0.857754685850200     
   2.667318       -0.858740260351448     
   2.669760       -0.859725945397629     
   2.672203       -0.860711758499358     
   2.674645       -0.861697716237194     
   2.677088       -0.862683834257204     
   2.679531       -0.863670127266689     
   2.681973       -0.864656609030078     
   2.684416       -0.865643292364987     
   2.686858       -0.866630189138444     
   2.689301       -0.867617310263281     
   2.691744       -0.868604665694694     
   2.694186       -0.869592264426976     
   2.696629       -0.870580114490413     
   2.699071       -0.871568222948350     
   2.701514       -0.872556595894435     
   2.703957       -0.873545238450026     
   2.706399       -0.874534154761771     
   2.708842       -0.875523347999363     
   2.711284       -0.876512820353467     
   2.713727       -0.877502573033815     
   2.716170       -0.878492606267477     
   2.718612       -0.879482919297310     
   2.721055       -0.880473510380575     
   2.723497       -0.881464376787728     
   2.725940       -0.882455514801389     
   2.728383       -0.883446919715486     
   2.730825       -0.884438585834569     
   2.733268       -0.885430506473303     
   2.735710       -0.886422673956136     
   2.738153       -0.887415079617143     
   2.740596       -0.888407713800041     
   2.743038       -0.889400565858387     
   2.745481       -0.890393624155943     
   2.747923       -0.891386876067224     
   2.750366       -0.892380307978219     
   2.752809       -0.893373905287287     
   2.755251       -0.894367652406227     
   2.757694       -0.895361532761526     
   2.760136       -0.896355528795783     
   2.762579       -0.897349621969307     
   2.765022       -0.898343792761887     
   2.767464       -0.899338020674739     
   2.769907       -0.900332284232632     
   2.772349       -0.901326560986180     
   2.774792       -0.902320827514314     
   2.777235       -0.903315059426923     
   2.779677       -0.904309231367675     
   2.782120       -0.905303317017000     
   2.784562       -0.906297289095260     
   2.787005       -0.907291119366074     
   2.789448       -0.908284778639832     
   2.791890       -0.909278236777365     
   2.794333       -0.910271462693794     
   2.796775       -0.911264424362547     
   2.799218       -0.912257088819545     
   2.801661       -0.913249422167556     
   2.804103       -0.914241389580717     
   2.806546       -0.915232955309228     
   2.808988       -0.916224082684202     
   2.811431       -0.917214734122695     
   2.813874       -0.918204871132889     
   2.816316       -0.919194454319448     
   2.818759       -0.920183443389028     
   2.821201       -0.921171797155965     
   2.823644       -0.922159473548105     
   2.826087       -0.923146429612816     
   2.828529       -0.924132621523142     
   2.830972       -0.925118004584128     
   2.833414       -0.926102533239297     
   2.835857       -0.927086161077288     
   2.838300       -0.928068840838648     
   2.840742       -0.929050524422779     
   2.843185       -0.930031162895040     
   2.845627       -0.931010706494001     
   2.848070       -0.931989104638850     
   2.850513       -0.932966305936953     
   2.852955       -0.933942258191554     
   2.855398       -0.934916908409633     
   2.857840       -0.935890202809911     
   2.860283       -0.936862086830994     
   2.862725       -0.937832505139663     
   2.865168       -0.938801401639317     
   2.867611       -0.939768719478543     
   2.870053       -0.940734401059835     
   2.872496       -0.941698388048456     
   2.874938       -0.942660621381426     
   2.877381       -0.943621041276658     
   2.879824       -0.944579587242220     
   2.882266       -0.945536198085741     
   2.884709       -0.946490811923932     
   2.887151       -0.947443366192258     
   2.889594       -0.948393797654723     
   2.892037       -0.949342042413790     
   2.894479       -0.950288035920424     
   2.896922       -0.951231712984259     
   2.899364       -0.952173007783892     
   2.901807       -0.953111853877292     
   2.904250       -0.954048184212328     
   2.906692       -0.954981931137423     
   2.909135       -0.955913026412316     
   2.911577       -0.956841401218936     
   2.914020       -0.957766986172398     
   2.916463       -0.958689711332103     
   2.918905       -0.959609506212946     
   2.921348       -0.960526299796635     
   2.923790       -0.961440020543114     
   2.926233       -0.962350596402085     
   2.928676       -0.963257954824641     
   2.931118       -0.964162022774989     
   2.933561       -0.965062726742273     
   2.936003       -0.965959992752502     
   2.938446       -0.966853746380555     
   2.940889       -0.967743912762297     
   2.943331       -0.968630416606767     
   2.945774       -0.969513182208470     
   2.948216       -0.970392133459742     
   2.950659       -0.971267193863208     
   2.953102       -0.972138286544320     
   2.955544       -0.973005334263970     
   2.957987       -0.973868259431189     
   2.960429       -0.974726984115913     
   2.962872       -0.975581430061835     
   2.965315       -0.976431518699313     
   2.967757       -0.977277171158365     
   2.970200       -0.978118308281712     
   2.972642       -0.978954850637909     
   2.975085       -0.979786718534518     
   2.977528       -0.980613832031357     
   2.979970       -0.981436110953797     
   2.982413       -0.982253474906129     
   2.984855       -0.983065843284972     
   2.987298       -0.983873135292739     
   2.989741       -0.984675269951157     
   2.992183       -0.985472166114831     
   2.994626       -0.986263742484850     
   2.997068       -0.987049917622448     
   2.999511       -0.987830609962691     
   3.001954       -0.988605737828217     
   3.004396       -0.989375219443006     
   3.006839       -0.990138972946183     
   3.009281       -0.990896916405860     
   3.011724       -0.991648967832997     
   3.014167       -0.992395045195307     
   3.016609       -0.993135066431168     
   3.019052       -0.993868949463572     
   3.021494       -0.994596612214086     
   3.023937       -0.995317972616842     
   3.026380       -0.996032948632529     
   3.028822       -0.996741458262410     
   3.031265       -0.997443419562347     
   3.033707       -0.998138750656835     
   3.036150       -0.998827369753043     
   3.038593       -0.999509195154858     
   3.041035        -1.00018414527694     
   3.043478        -1.00085213865875     
   3.045920        -1.00151309397862     
   3.048363        -1.00216693006780     
   3.050806        -1.00281356592444     
   3.053248        -1.00345292072768     
   3.055691        -1.00408491385160     
   3.058133        -1.00470946487929     
   3.060576        -1.00532649361677     
   3.063019        -1.00593592010696     
   3.065461        -1.00653766464366     
   3.067904        -1.00713164778544     
   3.070346        -1.00771779036954     
   3.072789        -1.00829601352572     
   3.075232        -1.00886623869012     
   3.077674        -1.00942838761905     
   3.080117        -1.00998238240274     
   3.082559        -1.01052814547911     
   3.085002        -1.01106559964741     
   3.087445        -1.01159466808189     
   3.089887        -1.01211527434543     
   3.092330        -1.01262734240304     
   3.094772        -1.01313079663542     
   3.097215        -1.01362556185238     
   3.099658        -1.01411156330626     
   3.102100        -1.01458872670529     
   3.104543        -1.01505697822684     
   3.106985        -1.01551624453068     
   3.109428        -1.01596645277216     
   3.111871        -1.01640753061526     
   3.114313        -1.01683940624567     
   3.116756        -1.01726200838375     
   3.119198        -1.01767526629740     
   3.121641        -1.01807910981492     
   3.124084        -1.01847346933770     
   3.126526        -1.01885827585293     
   3.128969        -1.01923346094620     
   3.131411        -1.01959895681395     
   3.133854        -1.01995469627592     
   3.136297        -1.02030061278751     
   3.138739        -1.02063664045197     
   3.141182        -1.02096271403259     
   3.143624        -1.02127876896477     
   3.146067        -1.02158474136795     
   3.148510        -1.02188056805751     
   3.150952        -1.02216618655652     
   3.153395        -1.02244153510741     
   3.155837        -1.02270655268357     
   3.158280        -1.02296117900076     
   3.160722        -1.02320535452850     
   3.163165        -1.02343902050128     
   3.165608        -1.02366211892973     
   3.168050        -1.02387459261162     
   3.170493        -1.02407638514277     
   3.172935        -1.02426744092782     
   3.175378        -1.02444770519094     
   3.177821        -1.02461712398632     
   3.180263        -1.02477564420866     
   3.182706        -1.02492321360342     
   3.185148        -1.02505978077700     
   3.187591        -1.02518529520684     
   3.190034        -1.02529970725126     
   3.192476        -1.02540296815929     
   3.194919        -1.02549503008033     
   3.197361        -1.02557584607363     
   3.199804        -1.02564537011771     
   3.202247        -1.02570355711956     
   3.204689        -1.02575036292378     
   3.207132        -1.02578574432152     
   3.209574        -1.02580965905929     
   3.212017        -1.02582206584763     
   3.214460        -1.02582292436968     
   3.216902        -1.02581219528947     
   3.219345        -1.02578984026022     
   3.221787        -1.02575582193240     
   3.224230        -1.02571010396162     
   3.226673        -1.02565265101643     
   3.229115        -1.02558342878591     
   3.231558        -1.02550240398715     
   3.234000        -1.02540954437252     
   3.236443        -1.02530481873684     
   3.238886        -1.02518819692431     
   3.241328        -1.02505964983536     
   3.243771        -1.02491914943328     
   3.246213        -1.02476666875072     
   3.248656        -1.02460218189600     
   3.251099        -1.02442566405923     
   3.253541        -1.02423709151835     
   3.255984        -1.02403644164491     
   3.258426        -1.02382369290967     
   3.260869        -1.02359882488816     
   3.263312        -1.02336181826588     
   3.265754        -1.02311265484348     
   3.268197        -1.02285131754169     
   3.270639        -1.02257779040607     
   3.273082        -1.02229205861162     
   3.275525        -1.02199410846720     
   3.277967        -1.02168392741972     
   3.280410        -1.02136150405826     
   3.282852        -1.02102682811786     
   3.285295        -1.02067989048328     
   3.287738        -1.02032068319249     
   3.290180        -1.01994919943995     
   3.292623        -1.01956543357981     
   3.295065        -1.01916938112881     
   3.297508        -1.01876103876909     
   3.299951        -1.01834040435076     
   3.302393        -1.01790747689426     
   3.304836        -1.01746225659263     
   3.307278        -1.01700474481348     
   3.309721        -1.01653494410081     
   3.312164        -1.01605285817671     
   3.314606        -1.01555849194275     
   3.317049        -1.01505185148127     
   3.319491        -1.01453294405645     
   3.321934        -1.01400177811517     
   3.324377        -1.01345836328770     
   3.326819        -1.01290271038822     
   3.329262        -1.01233483141509     
   3.331704        -1.01175473955096     
   3.334147        -1.01116244916273     
   3.336590        -1.01055797580123     
   3.339032        -1.00994133620074     
   3.341475        -1.00931254827838     
   3.343917        -1.00867163113322     
   3.346360        -1.00801860504521     
   3.348803        -1.00735349147399     
   3.351245        -1.00667631305741     
   3.353688        -1.00598709360990     
   3.356130        -1.00528585812067     
   3.358573        -1.00457263275168     
   3.361016        -1.00384744483541     
   3.363458        -1.00311032287248     
   3.365901        -1.00236129652905     
   3.368343        -1.00160039663398     
   3.370786        -1.00082765517593     
   3.373229        -1.00004310530009     
   3.375671       -0.999246781304892     
   3.378114       -0.998438718638380     
   3.380556       -0.997618953894496     
   3.382999       -0.996787524809118     
   3.385442       -0.995944470255926     
   3.387884       -0.995089830242074     
   3.390327       -0.994223645903671     
   3.392769       -0.993345959501074     
   3.395212       -0.992456814413988     
   3.397655       -0.991556255136384     
   3.400097       -0.990644327271218     
   3.402540       -0.989721077524977     
   3.404982       -0.988786553702026     
   3.407425       -0.987840804698771     
   3.409868       -0.986883880497642     
   3.412310       -0.985915832160887     
   3.414753       -0.984936711824180     
   3.417195       -0.983946572690050     
   3.419638       -0.982945469021125     
   3.422081       -0.981933456133195     
   3.424523       -0.980910590388093     
   3.426966       -0.979876929186400     
   3.429408       -0.978832530959965     
   3.431851       -0.977777455164251     
   3.434294       -0.976711762270504     
   3.436736       -0.975635513757748     
   3.439179       -0.974548772104593     
   3.441621       -0.973451600780891     
   3.444064       -0.972344064239195     
   3.446507       -0.971226227906066     
   3.448949       -0.970098158173197     
   3.451392       -0.968959922388373     
   3.453834       -0.967811588846266     
   3.456277       -0.966653226779051     
   3.458719       -0.965484906346873     
   3.461162       -0.964306698628137     
   3.463605       -0.963118675609640     
   3.466047       -0.961920910176543     
   3.468490       -0.960713476102176     
   3.470932       -0.959496448037694     
   3.473375       -0.958269901501568     
   3.475818       -0.957033912868924     
   3.478260       -0.955788559360723     
   3.480703       -0.954533919032795     
   3.483145       -0.953270070764717     
   3.485588       -0.951997094248541     
   3.488031       -0.950715069977374     
   3.490473       -0.949424079233817     
   3.492916       -0.948124204078249     
   3.495358       -0.946815527336976     
   3.497801       -0.945498132590234     
   3.500244       -0.944172104160055     
   3.502686       -0.942837527097993     
   3.505129       -0.941494487172714     
   3.507571       -0.940143070857449     
   3.510014       -0.938783365317320     
   3.512457       -0.937415458396530     
   3.514899       -0.936039438605426     
   3.517342       -0.934655395107433     
   3.519784       -0.933263417705865     
   3.522227       -0.931863596830609     
   3.524670       -0.930456023524694     
   3.527112       -0.929040789430733     
   3.529555       -0.927617986777251     
   3.531997       -0.926187708364898     
   3.534440       -0.924750047552548     
   3.536883       -0.923305098243283     
   3.539325       -0.921852954870275     
   3.541768       -0.920393712382554     
   3.544210       -0.918927466230671     
   3.546653       -0.917454312352265     
   3.549096       -0.915974347157517     
   3.551538       -0.914487667514520     
   3.553981       -0.912994370734535     
   3.556423       -0.911494554557171     
   3.558866       -0.909988317135456     
   3.561309       -0.908475757020831     
   3.563751       -0.906956973148048     
   3.566194       -0.905432064819983     
   3.568636       -0.903901131692373     
   3.571079       -0.902364273758462     
   3.573522       -0.900821591333576     
   3.575964       -0.899273185039619     
   3.578407       -0.897719155789491     
   3.580849       -0.896159604771443     
   3.583292       -0.894594633433353     
   3.585735       -0.893024343466945     
   3.588177       -0.891448836791933     
   3.590620       -0.889868215540111     
   3.593062       -0.888282582039381     
   3.595505       -0.886692038797720     
   3.597948       -0.885096688487100     
   3.600390       -0.883496633927343     
   3.602833       -0.881891978069944     
   3.605275       -0.880282823981827     
   3.607718       -0.878669274829071     
   3.610161       -0.877051433860585     
   3.612603       -0.875429404391748     
   3.615046       -0.873803289788008     
   3.617488       -0.872173193448446     
   3.619931       -0.870539218789312     
   3.622374       -0.868901469227525     
   3.624816       -0.867260048164151     
   3.627259       -0.865615058967852     
   3.629701       -0.863966604958315     
   3.632144       -0.862314789389661     
   3.634587       -0.860659715433838     
   3.637029       -0.859001486163995     
   3.639472       -0.857340204537849     
   3.641914       -0.855675973381042     
   3.644357       -0.854008895370489     
   3.646800       -0.852339073017722     
   3.649242       -0.850666608652232     
   3.651685       -0.848991604404819     
   3.654127       -0.847314162190934     
   3.656570       -0.845634383694033     
   3.659013       -0.843952370348945     
   3.661455       -0.842268223325243     
   3.663898       -0.840582043510632     
   3.666340       -0.838893931494354     
   3.668783       -0.837203987550614     
   3.671226       -0.835512311622027     
   3.673668       -0.833819003303085     
   3.676111       -0.832124161823659     
   3.678553       -0.830427886032523     
   3.680996       -0.828730274380920     
   3.683439       -0.827031424906148     
   3.685881       -0.825331435215203     
   3.688324       -0.823630402468442     
   3.690766       -0.821928423363305     
   3.693209       -0.820225594118076     
   3.695652       -0.818522010455688     
   3.698094       -0.816817767587585     
   3.700537       -0.815112960197634     
   3.702979       -0.813407682426095     
   3.705422       -0.811702027853646     
   3.707865       -0.809996089485473     
   3.710307       -0.808289959735417     
   3.712750       -0.806583730410195     
   3.715192       -0.804877492693684     
   3.717635       -0.803171337131280     
   3.720078       -0.801465353614323     
   3.722520       -0.799759631364612     
   3.724963       -0.798054258918983     
   3.727405       -0.796349324113979     
   3.729848       -0.794644914070599     
   3.732291       -0.792941115179137     
   3.734733       -0.791238013084103     
   3.737176       -0.789535692669243     
   3.739618       -0.787834238042647     
   3.742061       -0.786133732521957     
   3.744503       -0.784434258619668     
   3.746946       -0.782735898028536     
   3.749389       -0.781038731607086     
   3.751831       -0.779342839365229     
   3.754274       -0.777648300449978     
   3.756716       -0.775955193131288     
   3.759159       -0.774263594788000     
   3.761602       -0.772573581893899     
   3.764044       -0.770885230003898     
   3.766487       -0.769198613740331     
   3.768929       -0.767513806779379     
   3.771372       -0.765830881837609     
   3.773815       -0.764149910658653     
   3.776257       -0.762470964000004     
   3.778700       -0.760794111619947     
   3.781142       -0.759119422264630     
   3.783585       -0.757446963655259     
   3.786028       -0.755776802475439     
   3.788470       -0.754109004358655     
   3.790913       -0.752443633875891     
   3.793355       -0.750780754523392     
   3.795798       -0.749120428710580     
   3.798241       -0.747462717748115     
   3.800683       -0.745807681836097     
   3.803126       -0.744155380052440     
   3.805568       -0.742505870341381     
   3.808011       -0.740859209502156     
   3.810454       -0.739215453177838     
   3.812896       -0.737574655844321     
   3.815339       -0.735936870799483     
   3.817781       -0.734302150152503     
   3.820224       -0.732670544813348     
   3.822667       -0.731042104482427     
   3.825109       -0.729416877640416     
   3.827552       -0.727794911538254     
   3.829994       -0.726176252187314     
   3.832437       -0.724560944349747     
   3.834880       -0.722949031529005     
   3.837322       -0.721340555960544     
   3.839765       -0.719735558602705     
   3.842207       -0.718134079127777     
   3.844650       -0.716536155913250     
   3.847093       -0.714941826033246     
   3.849535       -0.713351125250139     
   3.851978       -0.711764088006368     
   3.854420       -0.710180747416438     
   3.856863       -0.708601135259108     
   3.859306       -0.707025281969782     
   3.861748       -0.705453216633086     
   3.864191       -0.703884966975647     
   3.866633       -0.702320559359066     
   3.869076       -0.700760018773094     
   3.871519       -0.699203368829002     
   3.873961       -0.697650631753163     
   3.876404       -0.696101828380824     
   3.878846       -0.694556978150098     
   3.881289       -0.693016099096144     
   3.883732       -0.691479207845569     
   3.886174       -0.689946319611031     
   3.888617       -0.688417448186050     
   3.891059       -0.686892605940034     
   3.893502       -0.685371803813512     
   3.895945       -0.683855051313582     
   3.898387       -0.682342356509572     
   3.900830       -0.680833726028916     
   3.903272       -0.679329165053244     
   3.905715       -0.677828677314689     
   3.908158       -0.676332265092414     
   3.910600       -0.674839929209351     
   3.913043       -0.673351669029167     
   3.915485       -0.671867482453445     
   3.917928       -0.670387365919085     
   3.920371       -0.668911314395930     
   3.922813       -0.667439321384610     
   3.925256       -0.665971378914616     
   3.927698       -0.664507477542586     
   3.930141       -0.663047606350828     
   3.932584       -0.661591752946059     
   3.935026       -0.660139903458371     
   3.937469       -0.658692042540426     
   3.939911       -0.657248153366874     
   3.942354       -0.655808217633999     
   3.944797       -0.654372215559593     
   3.947239       -0.652940125883055     
   3.949682       -0.651511925865724     
   3.952124       -0.650087591291431     
   3.954567       -0.648667096467287     
   3.957010       -0.647250414224699     
   3.959452       -0.645837515920613     
   3.961895       -0.644428371438985     
   3.964337       -0.643022949192486     
   3.966780       -0.641621216124435     
   3.969223       -0.640223137710958     
   3.971665       -0.638828677963380     
   3.974108       -0.637437799430850     
   3.976550       -0.636050463203188     
   3.978993       -0.634666628913965     
   3.981436       -0.633286254743821     
   3.983878       -0.631909297423997     
   3.986321       -0.630535712240106     
   3.988763       -0.629165453036136     
   3.991206       -0.627798472218672     
   3.993649       -0.626434720761359     
   3.996091       -0.625074148209579     
   3.998534       -0.623716702685371     
   4.000977       -0.622362330892567     
   4.003419       -0.621010978122164     
   4.005862       -0.619662588257917     
   4.008305       -0.618317103782161     
   4.010748       -0.616974465781861     
   4.013191       -0.615634613954882     
   4.015634       -0.614297486616491     
   4.018076       -0.612963020706079     
   4.020519       -0.611631151794104     
   4.022962       -0.610301814089268     
   4.025405       -0.608974940445904     
   4.027848       -0.607650462371590     
   4.030291       -0.606328310034987     
   4.032733       -0.605008412273892     
   4.035176       -0.603690696603514     
   4.037619       -0.602375089224966     
   4.040062       -0.601061515033977     
   4.042505       -0.599749897629817     
   4.044948       -0.598440159324442     
   4.047390       -0.597132221151854     
   4.049833       -0.595826002877668     
   4.052276       -0.594521423008900     
   4.054719       -0.593218398803963     
   4.057162       -0.591916846282870     
   4.059605       -0.590616680237654     
   4.062047       -0.589317814242991     
   4.064490       -0.588020160667029     
   4.066933       -0.586723630682426     
   4.069376       -0.585428134277591     
   4.071819       -0.584133580268129     
   4.074262       -0.582839876308487     
   4.076705       -0.581546928903798     
   4.079147       -0.580254643421929     
   4.081590       -0.578962924105725     
   4.084033       -0.577671674085444     
   4.086476       -0.576380795391394     
   4.088919       -0.575090188966759     
   4.091362       -0.573799754680617     
   4.093804       -0.572509391341151     
   4.096247       -0.571218996709040     
   4.098690       -0.569928467511050     
   4.101133       -0.568637699453796     
   4.103576       -0.567346587237696     
   4.106019       -0.566055024571108     
   4.108461       -0.564762904184637     
   4.110904       -0.563470117845630     
   4.113347       -0.562176556372846     
   4.115790       -0.560882109651291     
   4.118233       -0.559586666647241     
   4.120676       -0.558290115423421     
   4.123118       -0.556992343154361     
   4.125561       -0.555693236141918     
   4.128004       -0.554392679830960     
   4.130447       -0.553090558825215     
   4.132890       -0.551786756903280     
   4.135333       -0.550481157034789     
   4.137775       -0.549173641396737     
   4.140218       -0.547864091389962     
   4.142661       -0.546552387655770     
   4.145104       -0.545238410092724     
   4.147547       -0.543922037873569     
   4.149990       -0.542603149462309     
   4.152432       -0.541281622631427     
   4.154875       -0.539957334479245     
   4.157318       -0.538630161447423     
   4.159761       -0.537299979338598     
   4.162204       -0.535966663334153     
   4.164647       -0.534630088012120     
   4.167089       -0.533290127365215     
   4.169532       -0.531946654818998     
   4.171975       -0.530599543250157     
   4.174418       -0.529248665004918     
   4.176861       -0.527893891917572     
   4.179304       -0.526535095329123     
   4.181746       -0.525172146106045     
   4.184189       -0.523804914659161     
   4.186632       -0.522433270962624     
   4.189075       -0.521057084573007     
   4.191518       -0.519676224648505     
   4.193961       -0.518290559968228     
   4.196404       -0.516899958951605     
   4.198846       -0.515504289677879     
   4.201289       -0.514103419905695     
   4.203732       -0.512697217092786     
   4.206175       -0.511285548415746     
   4.208618       -0.509868280789886     
   4.211061       -0.508445280889179     
   4.213503       -0.507016415166282     
   4.215946       -0.505581549872642     
   4.218389       -0.504140551078671     
   4.220832       -0.502693284694000     
   4.223275       -0.501239616487798     
   4.225718       -0.499779412109163     
   4.228160       -0.498312537107575     
   4.230603       -0.496838856953413     
   4.233046       -0.495358237058528     
   4.235489       -0.493870542796875     
   4.237932       -0.492375639525196     
   4.240375       -0.490873392603756     
   4.242817       -0.489363667417126     
   4.245260       -0.487846329395009     
   4.247703       -0.486321244033109     
   4.250146       -0.484788276914043     
   4.252589       -0.483247293728278     
   4.255032       -0.481698160295117     
   4.257474       -0.480140742583700     
   4.259917       -0.478574906734043     
   4.262360       -0.477000519078098     
   4.264803       -0.475417446160832     
   4.267246       -0.473825554761328     
   4.269689       -0.472224711913900     
   4.272131       -0.470614784929221     
   4.274574       -0.468995641415464     
   4.277017       -0.467367149299439     
   4.279460       -0.465729176847749     
   4.281903       -0.464081592687937     
   4.284346       -0.462424265829628     
   4.286788       -0.460757065685679     
   4.289231       -0.459079862093305     
   4.291674       -0.457392525335207     
   4.294117       -0.455694926160678     
   4.296560       -0.453986935806694     
   4.299003       -0.452268426018986     
   4.301445       -0.450539269073089     
   4.303888       -0.448799337795361     
   4.306331       -0.447048505583981     
   4.308774       -0.445286646429906     
   4.311217       -0.443513634937798     
   4.313660       -0.441729346346915     
   4.316103       -0.439933656551954     
   4.318545       -0.438126442123856     
   4.320988       -0.436307580330563     
   4.323431       -0.434476949157724     
   4.325874       -0.432634427329347     
   4.328317       -0.430779894328402     
   4.330760       -0.428913230417351     
   4.333202       -0.427034316658634     
   4.335645       -0.425143034935078     
   4.338088       -0.423239267970241     
   4.340531       -0.421322899348688     
   4.342974       -0.419393813536191     
   4.345417       -0.417451895899856     
   4.347859       -0.415497032728166     
   4.350302       -0.413529111250946     
   4.352745       -0.411548019659236     
   4.355188       -0.409553647125090     
   4.357631       -0.407545883821268     
   4.360074       -0.405524620940843     
   4.362516       -0.403489750716712     
   4.364959       -0.401441166441006     
   4.367402       -0.399378762484391     
   4.369845       -0.397302434315281     
   4.372288       -0.395212078518921     
   4.374731       -0.393107592816378     
   4.377173       -0.390988876083411     
   4.379616       -0.388855828369221     
   4.382059       -0.386708350915087     
   4.384502       -0.384546346172883     
   4.386945       -0.382369717823464     
   4.389388       -0.380178370794926     
   4.391830       -0.377972211280740     
   4.394273       -0.375751146757753     
   4.396716       -0.373515086004048     
   4.399159       -0.371263939116671     
   4.401602       -0.368997617529218     
   4.404045       -0.366716034029278     
   4.406487       -0.364419102775726     
   4.408930       -0.362106739315878     
   4.411373       -0.359778860602479     
   4.413816       -0.357435385010556     
   4.416259       -0.355076232354103     
   4.418702       -0.352701323902609     
   4.421144       -0.350310582397427     
   4.423587       -0.347903932067983     
   4.426030       -0.345481298647812     
   4.428473       -0.343042609390430     
   4.430916       -0.340587793085034     
   4.433359       -0.338116780072033     
   4.435802       -0.335629502258394     
   4.438244       -0.333125893132823     
   4.440687       -0.330605887780754     
   4.443130       -0.328069422899163     
   4.445573       -0.325516436811197     
   4.448016       -0.322946869480611     
   4.450459       -0.320360662526022     
   4.452901       -0.317757759234968     
   4.455344       -0.315138104577774     
   4.457787       -0.312501645221224     
   4.460230       -0.309848329542035     
   4.462673       -0.307178107640127     
   4.465116       -0.304490931351700     
   4.467558       -0.301786754262097     
   4.470001       -0.299065531718467     
   4.472444       -0.296327220842219     
   4.474887       -0.293571780541267     
   4.477330       -0.290799171522058     
   4.479773       -0.288009356301398     
   4.482215       -0.285202299218046     
   4.484658       -0.282377966444102     
   4.487101       -0.279536325996179     
   4.489544       -0.276677347746337     
   4.491987       -0.273801003432814     
   4.494430       -0.270907266670520     
   4.496872       -0.267996112961307     
   4.499315       -0.265067519704014     
   4.501758       -0.262121466204280     
   4.504201       -0.259157933684125     
   4.506644       -0.256176905291302     
   4.509087       -0.253178366108410     
   4.511529       -0.250162303161777     
   4.513972       -0.247128705430095     
   4.516415       -0.244077563852830     
   4.518858       -0.241008871338383     
   4.521301       -0.237922622772008     
   4.523744       -0.234818815023495     
   4.526186       -0.231697446954600     
   4.528629       -0.228558519426238     
   4.531072       -0.225402035305417     
   4.533515       -0.222227999471941     
   4.535958       -0.219036418824845     
   4.538401       -0.215827302288594     
   4.540843       -0.212600660819024     
   4.543286       -0.209356507409030     
   4.545729       -0.206094857094002     
   4.548172       -0.202815726957005     
   4.550615       -0.199519136133708     
   4.553058       -0.196205105817046     
   4.555501       -0.192873659261635     
   4.557943       -0.189524821787922     
   4.560386       -0.186158620786080     
   4.562829       -0.182775085719636     
   4.565272       -0.179374248128847     
   4.567715       -0.175956141633808     
   4.570158       -0.172520801937298     
   4.572600       -0.169068266827366     
   4.575043       -0.165598576179649     
   4.577486       -0.162111771959432     
   4.579929       -0.158607898223433     
   4.582372       -0.155087001121335     
   4.584815       -0.151549128897040     
   4.587257       -0.147994331889666     
   4.589700       -0.144422662534273     
   4.592143       -0.140834175362318     
   4.594586       -0.137228927001851     
   4.597029       -0.133606976177437     
   4.599472       -0.129968383709812     
   4.601914       -0.126313212515266     
   4.604357       -0.122641527604768     
   4.606800       -0.118953396082811     
   4.609243       -0.115248887145992     
   4.611686       -0.111528072081328     
   4.614129       -0.107791024264292     
   4.616571       -0.104037819156595     
   4.619014       -0.100268534303680     
   4.621457       -9.648324933196711E-002
   4.623900       -9.268204594581342E-002
   4.626343       -8.886500792421376E-002
   4.628786       -8.503222111722814E-002
   4.631228       -8.118377344214317E-002
   4.633671       -7.731975487936438E-002
   4.636114       -7.344025746804034E-002
   4.638557       -6.954537530141897E-002
   4.641000       -6.563520452193861E-002
   4.643443       -6.170984331604973E-002
   4.645885       -5.776939190877101E-002
   4.648328       -5.381395255798049E-002
   4.650771       -4.984362954844024E-002
   4.653214       -4.585852918555500E-002
   4.655657       -4.185875978887016E-002
   4.658100       -3.784443168530088E-002
   4.660542       -3.381565720210267E-002
   4.662985       -2.977255065957696E-002
   4.665428       -2.571522836351492E-002
   4.667871       -2.164380859738230E-002
   4.670314       -1.755841161424149E-002
   4.672757       -1.345915962841621E-002
   4.675200       -9.346176806897200E-003
   4.677642       -5.219589260489377E-003
   4.680085       -1.079525034703210E-003
   4.682528        3.073885899608664E-003
   4.684971        7.240511655872417E-003
   4.687414        1.142021844166441E-002
   4.689857        1.561287056883665E-002
   4.692299        1.981833046389481E-002
   4.694742        2.403645867862414E-002
   4.697185        2.826711390096631E-002
   4.699628        3.251015296614362E-002
   4.702071        3.676543086802969E-002
   4.704514        4.103280077076626E-002
   4.706956        4.531211402062291E-002
   4.709399        4.960322015810076E-002
   4.711842        5.390596693027622E-002
   4.714285        5.822020030338620E-002
   4.716728        6.254576447565041E-002
   4.719171        6.688250189033118E-002
   4.721613        7.123025324902865E-002
   4.724056        7.558885752520994E-002
   4.726499        7.995815197797157E-002
   4.728942        8.433797216602978E-002
   4.731385        8.872815196194356E-002
   4.733828        9.312852356656187E-002
   4.736270        9.753891752369981E-002
   4.738713        0.101959162735035     
   4.741156        0.106389086475227     
   4.743599        0.110828514407262     
   4.746042        0.115277270598009     
   4.748485        0.119735177533994     
   4.750927        0.124202056137395     
   4.753370        0.128677725782242     
   4.755813        0.133162004310833     
   4.758256        0.137654708050353     
   4.760699        0.142155651829710     
   4.763142        0.146664648996565     
   4.765584        0.151181511434571     
   4.768027        0.155706049580810     
   4.770470        0.160238072443430     
   4.772913        0.164777387619479     
   4.775356        0.169323801312928     
   4.777799        0.173877118352894     
   4.780241        0.178437142212043     
   4.782684        0.183003675025193     
   4.785127        0.187576517608088     
   4.787570        0.192155469476365     
   4.790013        0.196740328864696     
   4.792456        0.201330892746113     
   4.794899        0.205926956851502     
   4.797341        0.210528315689277     
   4.799784        0.215134762565219     
   4.802227        0.219746089602487     
   4.804670        0.224362087761796     
   4.807113        0.228982546861750     
   4.809556        0.233607255599349     
   4.811998        0.238236001570641     
   4.814441        0.242868571291538     
   4.816884        0.247504750218783     
   4.819327        0.252144322771067     
   4.821770        0.256787072350290     
   4.824213        0.261432781362973     
   4.826655        0.266081231241813     
   4.829098        0.270732202467368     
   4.831541        0.275385474589887     
   4.833984        0.280040826251277     
   4.836427        0.284698035207192     
   4.838870        0.289356878349256     
   4.841312        0.294017131727410     
   4.843755        0.298678570572387     
   4.846198        0.303340969318299     
   4.848641        0.308004101625344     
   4.851084        0.312667740402633     
   4.853527        0.317331657831121     
   4.855969        0.321995625386648     
   4.858412        0.326659413863089     
   4.860855        0.331322793395605     
   4.863298        0.335985533483990     
   4.865741        0.340647403016119     
   4.868184        0.345308170291492     
   4.870626        0.349967603044861     
   4.873069        0.354625468469948     
   4.875512        0.359281533243254     
   4.877955        0.363935563547937     
   4.880398        0.368587325097784     
   4.882841        0.373236583161242     
   4.885283        0.377883102585535     
   4.887726        0.382526647820842     
   4.890169        0.387166982944547     
   4.892612        0.391803871685546     
   4.895055        0.396437077448621     
   4.897498        0.401066363338864     
   4.899940        0.405691492186160     
   4.902383        0.410312226569719     
   4.904826        0.414928328842653     
   4.907269        0.419539561156601     
   4.909712        0.424145685486395     
   4.912155        0.428746463654760     
   4.914598        0.433341657357053     
   4.917040        0.437931028186033     
   4.919483        0.442514337656655     
   4.921926        0.447091347230899     
   4.924369        0.451661818342609     
   4.926812        0.456225512422360     
   4.929255        0.460782190922338     
   4.931697        0.465331615341231     
   4.934140        0.469873547249129     
   4.936583        0.474407748312435     
   4.939026        0.478933980318773     
   4.941469        0.483452005201897     
   4.943912        0.487961585066600     
   4.946354        0.492462482213614     
   4.948797        0.496954459164495     
   4.951240        0.501437278686505     
   4.953683        0.505910703817472     
   4.956126        0.510374497890625     
   4.958569        0.514828424559419     
   4.961011        0.519272247822321     
   4.963454        0.523705732047576     
   4.965897        0.528128641997939     
   4.968340        0.532540742855363     
   4.970783        0.536941800245664     
   4.973226        0.541331580263128     
   4.975668        0.545709849495081     
   4.978111        0.550076375046415     
   4.980554        0.554430924564051     
   4.982997        0.558773266261355     
   4.985440        0.563103168942500     
   4.987883        0.567420402026754     
   4.990325        0.571724735572718     
   4.992768        0.576015940302490     
   4.995211        0.580293787625758     
   4.997654        0.584558049663820     
   5.000097        0.588808499273533     
