           1   389.887822935823     
           2   929.280239182845     
           3   157.962176712552     
           4   87.9070344976427     
           5   65.4953261137383     
           6   48.9697287027645     
           7   42.7906697791724     
           8   32.0001806010751     
           9   27.5846532194649     
          10   28.2434496890580     
          11   23.3282847964586     
          12   20.4390866274771     
          13   19.5228820571529     
          14   19.8243005144514     
          15   17.6289305543276     
          16   14.6228822975380     
          17   14.6046861622284     
          18   16.4016862677680     
          19   11.9008824430373     
          20   12.1535306118048     
          21   11.9201757306107     
          22   12.4638118995056     
          23   11.9201836679355     
          24   10.2876144762916     
          25   8.64509607585819     
          26   9.98144026385087     
          27   8.24414142828724     
          28   9.75847196584137     
          29   9.44280366918124     
          30   9.08835941359404     
          31   6.85878200675322     
          32   8.36947678362221     
          33   8.14489571456934     
          34   7.16197903499407     
          35   9.18592675479336     
          36   7.59210484890884     
          37   5.72260573034935     
          38   5.58433379494855     
          39   3.46793567475789     
          40   5.20161027571725     
          41   4.86783931477378     
          42   5.32175314921918     
          43   6.49642016309966     
          44   6.29434497280814     
          45   5.47824186993741     
          46   6.28976045133321     
          47   4.10772084982787     
          48   4.51339433745192     
          49   4.13390356121354     
          50   3.04585691215906     
          51   5.91049411951693     
          52   2.41280996195013     
          53   3.85687930996404     
          54   2.46214989873331     
          55   5.34011047387938     
          56   3.21847350559007     
          57   6.81951449707834     
          58   5.64799478900580     
          59   4.94841677188324     
          60   4.46952666344795     
          61   4.03461390311870     
          62   3.15468565818903     
          63   3.12446907877901     
          64   5.28102203776030     
          65   2.53517775378088     
          66   3.33409703452662     
          67   3.15853209922340     
          68   3.08405447409275     
          69   5.10088586357090     
          70   5.98883614042209     
          71   4.87559695450621     
          72   3.08435183393016     
          73   3.12638510672911     
          74   2.26458254764974     
          75  0.709145775324723     
          76   1.90625805240747     
          77   1.58011199838655     
          78   2.40494356004691     
          79   4.71154960503628     
          80   1.46565955807963     
          81   3.30218483821909     
          82   2.02564441050749     
          83  0.355304359636027     
          84   1.79315082025605     
          85   3.23975204872994     
          86   1.80110735096618     
          87   3.65867470363554     
          88   3.17551099348256     
          89   3.81959442153307     
          90   3.13936162242808     
          91   2.02996691360541     
          92   3.16024365888419     
          93   3.66984759219106     
          94   4.46311903487265     
          95   5.40521615291968     
          96   2.50752046131443     
          97   2.62511435542585     
          98   1.93477582730916     
          99   1.98118875143245     
         100  0.860684900562592     
         101   2.05949325050160     
         102   1.51973686059709     
         103   3.21465050988943     
         104   2.54151175250044     
         105   4.97906594954228     
         106   1.52412410906275     
         107   4.85337171489165     
         108  0.697948235616732     
         109   1.22054998062701     
         110   3.06170432011164     
         111   4.68014720776965     
         112  0.725511036327781     
         113   1.66356251177112     
         114   1.23025465930462     
         115   5.34094760794596     
         116   2.53858873787111     
         117   2.96090159800869     
         118   3.65156009832866     
         119   1.72062488506191     
         120   2.40660299599612     
         121  0.849884893073459     
         122  0.347225151988195     
         123   3.21245210342247     
         124   5.45305472527554     
         125   3.30858445552563     
         126   2.01031633442777     
         127   1.63971645299819     
         128   2.43786772108151     
         129   2.60164417864507     
         130   2.64161911652176     
         131   3.03575913045588     
         132   1.67056537328411     
         133   1.97477013520718     
         134   4.80982137985199     
         135   5.33404270618596     
         136  0.990865640843785     
         137   1.27733475605102     
         138  0.636750534221030     
         139   2.79382287067443     
         140   1.53160013970456     
         141   1.67416902284169     
         142   2.91728870462864     
         143   2.81000077468635     
         144   1.72500364569558     
         145   1.97767106877112     
         146   2.04190483704445     
         147   3.17097599076131     
         148   1.74655169430817     
         149   2.33572240152539     
         150   1.86983860236291     
         151   3.55675562206683     
         152   1.16384503650443     
         153   1.42721932508656     
         154   1.30113421021323     
         155   1.53078094577087     
         156   2.16476830114052     
         157   1.42982763915225     
         158   1.81422351042189     
         159   2.18801000369749     
         160  0.931020151390988     
         161   1.05104829373538     
         162   1.64993932470646     
         163  0.270214439661447     
         164   2.92745295115148     
         165  0.428790344800923     
         166   1.98573052337758     
         167   2.97286402620528     
         168   2.88377218863673     
         169  0.927243002193843     
         170   3.03754318468314     
         171   2.60474049841448     
         172   2.47836602290869     
         173   1.64040747810019     
         174  0.996090150801931     
         175   1.31174053680096     
         176   1.41624037007541     
         177   1.01210851751179     
         178   2.63016103227758     
         179   2.63188230510556     
         180   1.99086094175042     
         181   2.68701515600209     
         182   4.08057772774498     
         183   1.38977423703484     
         184   1.87233334227672     
         185   1.36350301197378     
         186   1.78475695662950     
         187   1.75598794356489     
         188   1.20398378281313     
         189   1.32859579290402     
         190   1.40181789135113     
         191   2.02336585213792     
         192   3.23242352491532     
         193  0.187521011872190     
         194  0.709050340043191     
         195   2.40598541964432     
         196   2.45925673588565     
         197   2.40998491831913     
         198   3.57784085340811     
         199  0.248139428681428     
         200   1.47639629281839     
         201  0.722104875230949     
         202  0.795883815518814     
         203   1.45314630896139     
         204  0.770535013456630     
         205   1.79190546289478     
         206  0.430246753036937     
         207   1.95976687167811     
         208   2.85925789676948     
         209  0.805792212881824     
         210  0.501896785643666     
         211  0.308265695366169     
         212   1.60700783558307     
         213   1.30145278097482     
         214   1.48938796287016     
         215   3.51355696181701     
         216   2.57006259953453     
         217   2.02951491516675     
         218   2.62982033509932     
         219   1.15314416138566     
         220   1.11165524148014     
         221   1.67963944901573     
         222   2.47600143681465     
         223   1.16903639939604     
         224   4.42839827421116     
         225   1.80659417520976     
         226   1.11038013054454     
         227   1.61775605456671     
         228  0.626500048297112     
         229   1.10782067927485     
         230  0.461574939911740     
         231   4.03505248453752     
         232   2.71460637429652     
         233   3.92266960724169     
         234   2.13329813905204     
         235   1.80835726968324     
         236   2.65710623942253     
         237   2.18522856057082     
         238   2.65411739715819     
         239   1.49923291046753     
         240   2.45087562951767     
         241   3.02062943609703     
         242   2.71884829783802     
         243  0.971364393188233     
         244   1.36949341537745     
         245   2.24916302216500     
         246   1.43094364316607     
         247   1.78877931168966     
         248   2.89849629024365     
         249   2.19620669837839     
         250  0.991297660093793     
         251   1.82572991236495     
         252  0.710489289663828     
         253   1.11908867262284     
         254  0.658902807806795     
         255  0.531711330411855     
         256   2.76062201704521     
         257  0.659082071164762     
         258   2.96018906850736     
         259   2.76977972368734     
         260  0.537224919511069     
         261   1.86325278108101     
         262   2.15810509584095     
         263   3.46955234011540     
         264   2.11535247423536     
         265  0.448036021805711     
         266   2.63680362153607     
         267   2.15861468496835     
         268  0.488321034548555     
         269   1.74246094513257     
         270   1.32732765946645     
         271   1.11693360282568     
         272   1.79574302052167     
         273   1.49650224867986     
         274   2.36159285515917     
         275  0.851927869607531     
         276   1.78286003746916     
         277   2.44199472106432     
         278   1.47299496021581     
         279   2.45251204752764     
         280  0.109902285184619     
         281   1.49493768922071     
         282  0.713733286734687     
         283   2.47067640590628     
         284   1.05863294473142     
         285  0.590121913927176     
         286   2.25364936405484     
         287   2.73594124238488     
         288   2.99398472596529     
         289   2.81026587236599     
         290  0.905330329912544     
         291   2.17904688654489     
         292   2.03131982483362     
         293   1.38872064755876     
         294   1.36835923429026     
         295   1.56901976124776     
         296   3.39042445788615     
         297   2.77281973191789     
         298   1.23772117612056     
         299  0.321860983114884     
         300   1.87867890556780     
         301   1.83773933815492     
         302  0.721805580803334     
         303   2.72253832560265     
         304   1.51208780239068     
         305   3.02934494616997     
         306   1.07135724412844     
         307   1.59055273160568     
         308   1.14129211621754     
         309   2.89664899136034     
         310   1.54976660824482     
         311  0.758464691367664     
         312   1.37348306254380     
         313  0.163337005970312     
         314  0.851154253103440     
         315  0.648168718251092     
         316   1.50248885704357     
         317   2.07604323324254     
         318   3.68513369030450     
         319   1.79904343093276     
         320   3.20398973155483     
         321  0.839829352884254     
         322   3.27625710858480     
         323   2.61950999265698     
         324   1.65725476461163     
         325   3.02112647716936     
         326   1.19470216872655     
         327   2.60827931094947     
         328   1.25520002703859     
         329   3.09961151973419     
         330   2.88116990323183     
         331   2.10437739879474     
         332   1.20704637291251     
         333  0.820585151150369     
         334   1.22716205060748     
         335   1.67964374598099     
         336  0.934821158701334     
         337  0.115353498677035     
         338  0.382264879450810     
         339   2.05814134431991     
         340   2.22585478433468     
         341   1.25684141432013     
         342   3.48265729686728     
         343   1.32488769957920     
         344   1.82366272591011     
         345  0.870177790815844     
         346  0.164202006986961     
         347   2.75776789986412     
         348  0.533733079996688     
         349   1.87061450164093     
         350   1.75769404891741     
         351   1.44979550246490     
         352   2.03657460182819     
         353   2.48240308972268     
         354   4.47625974241094     
         355   2.68585513962427     
         356   1.46741453673836     
         357   2.01056190055108     
         358   1.12126614376264     
         359   1.63585063422252     
         360   1.00204953352264     
         361   1.69596809968185     
         362   1.82819885692048     
         363   2.54655062631645     
         364   1.62681715502764     
         365  0.791647417448967     
         366   2.81877630623892     
         367   2.23886590097595     
         368  0.928817622135141     
         369   3.89030728824717     
         370   1.82515881114893     
         371  0.163388290282941     
         372   1.84283875773903     
         373   1.29987995031151     
         374   3.03673646676316     
         375  0.313280421551728     
         376  0.922892074082202     
         377  0.636763680051500     
         378   2.68857976494582     
         379  0.433014377524273     
         380  0.988742517402870     
         381  0.749667315397563     
         382   2.04473812645696     
         383   3.17374133072708     
         384  0.927599286455274     
         385  0.233496906121011     
         386   1.33267609855264     
         387   3.17006457048220     
         388   1.28192120365934     
         389   1.03912734344664     
         390   1.44505994353675     
         391   1.70330762984501     
         392   1.36052078873836     
         393   1.07745608427192     
         394   1.83972769319590     
         395   2.94594980856674     
         396  0.988148241364453     
         397   2.24318160119065     
         398  0.646160935718000     
         399   2.13401254596263     
         400   1.19152612341012     
         401  0.880112112179863     
         402   2.27722240887220     
         403   3.66577386514417     
         404   1.59034762346372     
         405   1.52397810475866     
         406   1.83291014571376     
         407   1.63031545875914     
         408   3.29579630031469     
         409   3.29336526002486     
         410   3.13492230874559     
         411   1.75869810413931     
         412   2.20458358630098     
         413   2.39428153736815     
         414   2.49593365029055     
         415  0.598040921665357     
         416   1.51683068919449     
         417   1.39956320515037     
         418   1.79162690377293     
         419   2.31185729427882     
         420   1.63602789965174     
         421   2.68792902074913     
         422   2.25627422292845     
         423   2.29871437795647     
         424   1.02464779961481     
         425   2.58524386310118     
         426   1.37504974593657     
         427   1.94221071244283     
         428   3.55320863542864     
         429   1.47365857626551     
         430  0.957899265936797     
         431   2.92817575415896     
         432   1.29963016780147     
         433   1.43663627641111     
         434   1.09157131931781     
         435   1.27043747079585     
         436   1.48520797742610     
         437   1.97818825870588     
         438   1.20241516967947     
         439   3.01579352581872     
         440   3.08415449899236     
         441  0.549789355682975     
         442   4.64399939431856     
         443   2.32433365590993     
         444   2.12620739493992     
         445  0.494229803318257     
         446  0.995626427279909     
         447   1.27924981306636     
         448  0.656925971138024     
         449  0.365295220814416     
         450   1.27149990345850     
         451   2.27545385592353     
         452   1.78023925486185     
         453   1.79188375518421     
         454   2.39895536722013     
         455   2.79604197543754     
         456   2.76009029736430     
         457  0.828144538056453     
         458   2.32429549658283     
         459   2.05150859035676     
         460   2.06662286179265     
         461   2.36889019251111     
         462   1.30339212980107     
         463   2.38498104664565     
         464  0.789069185971073     
         465   1.71375964073200     
         466   1.76106172267078     
         467   2.62522047178758     
         468   1.80658513715034     
         469   1.76172183424436     
         470  0.728735147102490     
         471   2.12552798229819     
         472   1.70908619658536     
         473   3.50363636573868     
         474   2.64004909663468     
         475  0.609583455352840     
         476   1.21835768177536     
         477  0.620163299743473     
         478  0.805644447327002     
         479   1.13139700759310     
         480  0.941154083445811     
         481  0.889423493604581     
         482   1.68318287227503     
         483   1.23352272347996     
         484   1.96499893979522     
         485   2.78355314840645     
         486   1.12475659576031     
         487   2.12701671590136     
         488   2.70841923729057     
         489   2.01366371879736     
         490  0.628448091545237     
         491   1.04794289496976     
         492   2.83526169953049     
         493  0.778002111842526     
         494   2.21243005721304     
         495   1.00047356603285     
         496  0.363851192350933     
         497   2.10217037223793     
         498  0.946754002827625     
         499   1.12664353228572     
         500   1.51166467973367     
         501   1.48779187746123     
         502  0.452822203618717     
         503   1.17944879643080     
         504   3.11752331726968     
         505   1.15657011629125     
         506   1.81050953748627     
         507   2.24619066189138     
         508   1.93691195510731     
         509   1.67421814943613     
         510   4.19927187213580     
         511   1.25300366758071     
         512   2.04585373375937     
         513   1.34669787796255     
         514   2.46644269120102     
         515   2.00636761833715     
         516   1.39245799278391     
         517   2.73312218186423     
         518   2.93224255039797     
         519   3.33405089288917     
         520   3.50067233396423     
         521  0.506802784219520     
         522   1.43475580431470     
         523   3.44105013474396     
         524   1.92083050241146     
         525   3.63616923190312     
         526   2.07267511258550     
         527   1.22007952418874     
         528  0.559339553118369     
         529   2.56322973968087     
         530   2.12427290476556     
         531  0.971420007260036     
         532   1.69111080421944     
         533  0.404089812580811     
         534   2.61742646085276     
         535   1.54413675795616     
         536   1.27024889253695     
         537   2.64165434822683     
         538  0.895575751504155     
         539  0.914327846294063     
         540  0.630107611802217     
         541  0.189916799841283     
         542   1.61723470178345     
         543  0.678719317538489     
         544  0.371808908283995     
         545   2.08580037732559     
         546   1.32279984315204     
         547   1.85484555846444     
         548   1.96238597163204     
         549   1.76448503714013     
         550   2.01466080431711     
         551  0.697504900187444     
         552   1.33632321103775     
         553  0.818637132615959     
         554   1.91148179448566     
         555   2.07886847952654     
         556   1.08712353420633     
         557   2.08895883635000     
         558   1.92669292969886     
         559   1.33963126373814     
         560   2.15225545264402     
         561  0.383696157331481     
         562   1.73187761362331     
         563   2.14094020411156     
         564  0.934285097742054     
         565   1.00920709815672     
         566   2.29055153499643     
         567   1.29417311811689     
         568  0.244387913952493     
         569   2.42235395495926     
         570   1.24671983596232     
         571   1.92701660153528     
         572   2.68599327709293     
         573   1.29637047385102     
         574   2.24921586957763     
         575   2.54341887451503     
         576   2.39909812498771     
         577  0.669159225918862     
         578   1.97710095763322     
         579   3.44407361189182     
         580   1.02997266224174     
         581   1.85375628004274     
         582   1.71690287623390     
         583   2.59390732212829     
         584  0.434027078466951     
         585  0.872228932461497     
         586   1.30654125560536     
         587   2.79393486929196     
         588  0.609052159331959     
         589   3.44714296030079     
         590   1.73308486238602     
         591   1.90077502135227     
         592   2.38628326341931     
         593   2.89658918708022     
         594   1.73681501969418     
         595   1.47509021739121     
         596   1.48865333015506     
         597   1.33837934026662     
         598   1.88625536441444     
         599  0.747027432831091     
         600  0.756157006477088     
         601   2.27468004389832     
         602   3.10323998183899     
         603   1.18263181456455     
         604   1.70152004179519     
         605  0.553055096702029     
         606   3.51388655211854     
         607   3.28234686371657     
         608   2.31586080220803     
         609   2.30304972460845     
         610  0.482430417306606     
         611   2.36630769217157     
         612   1.80430988226360     
         613   2.48889106001398     
         614  0.710267960399938     
         615   3.49202638681496     
         616   1.09564113569930     
         617   1.08401766623152     
         618   2.58867411898583     
         619   3.24641520097574     
         620   1.67486939480186     
         621   1.96244856795772     
         622   1.20955506180082     
         623   2.41575471801182     
         624   3.05499036748087     
         625  0.310810196148945     
         626   1.40337143676210     
         627   1.05197728099847     
         628  0.736976359963059     
         629   1.01745652085693     
         630   2.14115436557424     
         631   2.64634103124576     
         632  0.788606637183479     
         633  0.508091960379545     
         634   1.80123488707037     
         635   3.96821203215194     
         636  0.407782591120753     
         637   1.86730341591338     
         638   1.19433170483357     
         639  0.683141522041888     
         640   1.11742252191268     
         641   1.36338219876625     
         642   2.12785362128956     
         643   1.78024948248436     
         644   2.12403447157493     
         645   2.94753228360747     
         646   1.54849845814699     
         647  0.816579539354959     
         648   2.05043212701169     
         649   1.36827986923448     
         650   2.07285426202719     
         651   3.14939040141953     
         652   1.48927624519256     
         653   2.54747008787498     
         654  0.966712676823750     
         655   1.05736732375785     
         656  0.790116940789684     
         657  0.333546290817111     
         658   1.24661097088608     
         659  0.532671919690909     
         660   2.36000403027902     
         661  0.438225639761899     
         662   2.64744229041279     
         663   1.03610017689674     
         664  0.531178014323920     
         665   1.88284549358431     
         666  0.846371589276440     
         667   1.56351556087045     
         668   1.74705808350326     
         669   2.07854196363422     
         670  0.953540829352965     
         671   4.83842016992042     
         672  0.288231405592590     
         673   1.36289141653682     
         674  0.744091411681104     
         675   1.67343686052826     
         676   2.82976323935966     
         677   3.11907472357135     
         678  0.761417320461573     
         679   2.01282195402854     
         680   2.32916975471752     
         681   1.77267162676750     
         682  0.311554632979776     
         683   1.33855478916307     
         684   4.11230888641006     
         685   2.19738558993519     
         686   3.29960380289248     
         687   1.86815839027766     
         688   1.61770954700111     
         689  0.952150529142752     
         690  0.651208614407767     
         691   3.06772627415424     
         692   2.56915475260345     
         693   1.91099741021862     
         694   3.40472446126427     
         695   1.03964981691419     
         696   1.10654786004077     
         697   2.81851388783392     
         698   4.17441654889572     
         699   3.21684413812595     
         700   1.02643699657337     
         701  0.653185337940763     
         702   2.10030709056760     
         703  0.565664889940443     
         704   1.78515658332115     
         705   1.52708235827298     
         706  0.653595051002295     
         707  0.786271096496792     
         708   1.57542845301387     
         709  0.952549251605467     
         710   2.14588027165661     
         711   1.83003405153497     
         712  0.205644800077684     
         713   2.02796502222677     
         714   1.00455085289015     
         715  0.881565194838256     
         716   3.25580064397031     
         717  0.771143674830845     
         718   2.17903749524888     
         719   1.76714203815658     
         720   1.78860694063167     
         721  0.770303413839693     
         722   1.63670762375236     
         723   2.48539225634900     
         724   1.33034056452948     
         725   1.58600536419121     
         726   2.89471935271047     
         727  0.702369961113833     
         728   1.38528272442472     
         729   1.38272612669278     
         730  0.726868067554189     
         731   2.24073355359008     
         732  9.552571042932093E-002
         733   3.58042967366991     
         734   2.39152672480365     
         735   1.23606396562275     
         736   1.86762844855190     
         737   2.04290994957460     
         738   1.82015157246693     
         739   1.88857979664670     
         740   5.06747163920879     
         741   2.54285298679002     
         742   1.40033177071650     
         743   1.46707980612533     
         744   1.38343577554653     
         745   3.64837162618074     
         746  0.977277623745089     
         747   2.36941339340169     
         748   3.53592433560243     
         749  0.743457180585746     
         750   1.50857986971321     
         751   1.09855513992878     
         752   1.81725546775813     
         753   2.36055304111636     
         754   2.87456820098685     
         755   3.00634876835523     
         756   2.42941928891998     
         757  0.690234932291687     
         758   1.12229478502558     
         759  0.817184296525801     
         760   1.75435033255247     
         761   1.68781300415495     
         762  0.978982648931133     
         763   1.53673428384831     
         764   3.29002371619938     
         765   1.23282556305012     
         766   2.30089875181083     
         767   1.94355597087873     
         768  0.267814569335861     
         769   2.09248726674187     
         770   1.39205718110823     
         771  0.316581931392995     
         772   2.93574390161369     
         773   3.40406022205543     
         774   2.47338532261670     
         775  0.637733567084004     
         776  0.938409593143834     
         777   2.21233361597847     
         778   1.15192717539575     
         779   1.41930651562137     
         780   1.25961350927033     
         781   2.38416113678180     
         782  0.675571610926009     
         783   1.96866242973429     
         784   2.70452917910672     
         785  0.575397490837535     
         786   2.79630064530104     
         787  0.503613974616063     
         788  0.725366667774656     
         789  0.885152123815381     
         790   1.64232866048593     
         791  0.936901903817197     
         792   1.61969245108164     
         793   2.41316712533706     
         794   2.14052112729960     
         795   2.46834189774099     
         796   2.57274227279363     
         797  0.681752000812859     
         798   1.16986550533438     
         799  0.391094893082837     
         800   2.15162080807959     
         801   1.09696676921840     
         802   2.78537832713565     
         803   1.72128050940885     
         804   1.94353135496761     
         805   1.54250563432329     
         806   2.88984659827460     
         807   1.14085643096404     
         808   1.89638856432700     
         809  0.364212688384423     
         810   2.20699348171252     
         811   1.02974964926457     
         812   1.83893639502474     
         813   3.03437972018698     
         814   2.70373718872498     
         815   2.91271643299887     
         816   2.43171189164099     
         817   1.24651799562000     
         818   1.50397319344847     
         819  0.679748035306879     
         820   2.31413116453837     
         821  0.871528639025095     
         822  0.571726282783460     
         823   2.32526706115326     
         824  0.293922875323170     
         825  0.611293411358504     
         826   1.03338239567622     
         827   1.88149480566527     
         828  0.350713090209845     
         829   2.05523687137872     
         830   1.14656234216340     
         831   1.91546883738303     
         832  0.711188325738554     
         833   3.14526485695433     
         834   1.64980854538389     
         835   1.98921203679779     
         836   3.32258091179403     
         837   3.11412483684625     
         838   2.17758352585275     
         839   1.85788328484683     
         840  0.994992300027213     
         841   1.24786504016942     
         842   1.73634429778325     
         843  0.578878752017362     
         844   1.19414661487399     
         845   1.65954568634164     
         846   2.46028974225698     
         847   1.89130886428910     
         848  0.575462800174901     
         849   3.09027200626588     
         850  0.788537448773711     
         851   1.82099321124929     
         852   3.59730232756973     
         853   4.20325130179701     
         854   2.33381306119834     
         855  0.656229530501916     
         856  0.449285919876145     
         857  0.514266431252471     
         858   1.00532597887754     
         859   3.50704238395048     
         860   1.53211121984041     
         861  0.568453832453467     
         862   2.41695711077267     
         863   1.40755522382444     
         864   1.15362192554150     
         865   1.49931660681152     
         866  0.812417060129442     
         867   2.35755556954926     
         868   1.43126553669504     
         869  0.143500902225817     
         870  0.596794756245877     
         871   2.09379298162794     
         872   1.94516701260268     
         873   2.32206419680839     
         874   2.91480754841840     
         875  0.256707334808704     
         876   2.01139400612744     
         877  0.192367185927999     
         878   1.77667440344313     
         879   1.14415870831559     
         880   2.13229980267806     
         881   1.21177411427870     
         882   2.06924184520034     
         883   2.14956910484839     
         884   1.57375811864532     
         885  0.374009658711880     
         886   1.01311385344750     
         887  0.726582607537771     
         888   1.20527546409526     
         889   1.56175330776611     
         890   1.91088269138337     
         891   1.16021272783419     
         892   1.57773418012613     
         893   1.67903903771334     
         894  0.977253875563059     
         895   1.01460342763617     
         896   2.93635446845387     
         897   1.23605842449044     
         898   2.07949381464795     
         899   2.67565622816255     
         900   1.29935510292150     
         901   1.57393465143080     
         902   2.44235378411960     
         903   2.13860362486556     
         904  0.620670219279206     
         905   3.31551389923639     
         906   1.36905843309712     
         907   1.65428312265715     
         908   2.70133241526349     
         909   2.41213164642775     
         910  0.896496834851921     
         911   1.21387816747586     
         912   1.63969429629501     
         913  0.986740285537844     
         914   1.52937622745248     
         915   1.19626661553765     
         916   1.63870021420889     
         917  0.303049866315244     
         918  0.606587421322159     
         919   2.61824459232552     
         920   2.24277901404608     
         921   2.64038865243426     
         922   1.49562835741046     
         923   1.32091119438253     
         924   1.46484477184570     
         925   1.11471003862378     
         926   1.22101886326718     
         927  0.435562861663663     
         928  0.326145471992757     
         929   1.50003652969254     
         930   1.06125585492158     
         931   1.60655060728237     
         932  0.629643152703749     
         933   1.57913688635276     
         934   2.44915421149088     
         935  0.912424500897042     
         936  0.870991526254190     
         937  0.440158134019634     
         938  0.343679685707992     
         939   2.64606923212499     
         940   1.35903823710767     
         941   1.96591052732394     
         942   1.58343584283373     
         943   1.25451176153848     
         944   4.14027032333559     
         945  0.490343066752127     
         946   2.18142067477539     
         947   3.15242540569660     
         948   2.99966819772023     
         949   3.17762196540839     
         950  0.632436591323422     
         951   1.22193208169052     
         952   1.22549919614128     
         953   3.38988727915000     
         954   1.32367786742751     
         955  0.739469901993013     
         956   1.77832206332081     
         957   2.07470783457334     
         958   2.33112481426445     
         959   3.41771094191573     
         960   3.48945530116797     
         961   1.24598708895635     
         962  0.920044135790928     
         963   2.32939438574815     
         964  0.876424491022499     
         965   1.31318905868229     
         966   1.97991550244756     
         967  0.895614684081865     
         968   2.84440705379813     
         969   1.62631886104239     
         970   2.17140764684654     
         971   3.06328344026378     
         972   1.45038264926233     
         973  0.717560740724644     
         974   2.77492458648125     
         975   2.54226002036587     
         976  0.909708919101927     
         977  0.734976415401363     
         978   1.85249080702734     
         979   2.41460674974656     
         980   3.18129081199157     
         981  0.631388551679307     
         982   2.46364075687467     
         983   2.24970171665622     
         984  0.844737570357460     
         985  0.998452121496753     
         986  0.204330671815893     
         987   2.83135916192730     
         988   3.00188932904694     
         989  0.334722527035006     
         990   1.15380009618311     
         991  0.602566132852421     
         992   1.51766571423807     
         993   1.40269953385186     
         994   1.02223572999100     
         995   2.23338383808852     
         996   1.74365701211550     
         997   2.05509512244841     
         998   1.49352440182688     
         999   2.09266453000385     
        1000   2.09642291085637     
        1001  0.546060428764675     
        1002   2.19264070626680     
        1003  0.837928372520368     
        1004  0.676019696293187     
        1005   1.65068118512018     
        1006  0.758158414569532     
        1007   1.90447619582621     
        1008   2.45176955217496     
        1009   1.03278481738384     
        1010   1.70642568998347     
        1011   1.69897782562244     
        1012   1.71343041348205     
        1013  0.792685740294918     
        1014   1.86928605314803     
        1015   1.07392304818046     
        1016   2.29664494254329     
        1017   2.03901109904685     
        1018   3.26927494254364     
        1019  0.539580638210872     
        1020   2.82366757150774     
        1021  0.705115949660464     
        1022  0.317275184345601     
        1023   1.97425141635653     
        1024  0.912690896955730     
        1025   3.73859418602660     
