  0.0000000E+00     1.00000000000000     
  2.4425990E-03    0.999997019767761     
  4.8851981E-03    0.999988079071045     
  7.3277969E-03    0.999973177909851     
  9.7703962E-03    0.999952256679535     
  1.2212995E-02    0.999925434589386     
  1.4655595E-02    0.999892592430115     
  1.7098194E-02    0.999853849411011     
  1.9540792E-02    0.999809086322784     
  2.1983391E-02    0.999758362770081     
  2.4425989E-02    0.999701678752899     
  2.6868587E-02    0.999639034271240     
  2.9311186E-02    0.999570488929749     
  3.1753786E-02    0.999495863914490     
  3.4196384E-02    0.999415338039398     
  3.6638983E-02    0.999328851699829     
  3.9081581E-02    0.999236404895782     
  4.1524179E-02    0.999137997627258     
  4.3966778E-02    0.999033629894257     
  4.6409376E-02    0.998923301696777     
  4.8851974E-02    0.998806953430176     
  5.1294573E-02    0.998684704303741     
  5.3737171E-02    0.998556494712830     
  5.6179769E-02    0.998422324657440     
  5.8622368E-02    0.998282194137573     
  6.1064966E-02    0.998136103153229     
  6.3507564E-02    0.997984051704407     
  6.5950163E-02    0.997826099395752     
  6.8392761E-02    0.997662127017975     
  7.0835359E-02    0.997492253780365     
  7.3277958E-02    0.997316360473633     
  7.5720556E-02    0.997134566307068     
  7.8163154E-02    0.996946811676025     
  8.0605753E-02    0.996753096580505     
  8.3048351E-02    0.996553480625153     
  8.5490949E-02    0.996347904205322     
  8.7933548E-02    0.996136307716370     
  9.0376146E-02    0.995918869972229     
  9.2818744E-02    0.995695412158966     
  9.5261343E-02    0.995466053485870     
  9.7703941E-02    0.995230734348297     
  0.1001465        0.994989514350891     
  0.1025891        0.994742333889008     
  0.1050317        0.994489252567291     
  0.1074743        0.994230210781097     
  0.1099169        0.993965208530426     
  0.1123595        0.993694305419922     
  0.1148021        0.993417501449585     
  0.1172447        0.993134737014771     
  0.1196873        0.992846012115479     
  0.1221299        0.992551386356354     
  0.1245725        0.992250859737396     
  0.1270151        0.991944432258606     
  0.1294577        0.991632044315338     
  0.1319003        0.991313755512238     
  0.1343429        0.990989565849304     
  0.1367855        0.990659415721893     
  0.1392281        0.990323424339294     
  0.1416707        0.989981472492218     
  0.1441133        0.989633619785309     
  0.1465559        0.989279866218567     
  0.1489985        0.988920211791992     
  0.1514411        0.988554716110229     
  0.1538837        0.988183259963989     
  0.1563263        0.987805902957916     
  0.1587689        0.987422645092010     
  0.1612115        0.987033545970917     
  0.1636541        0.986638545989990     
  0.1660967        0.986237645149231     
  0.1685393        0.985830843448639     
  0.1709819        0.985418200492859     
  0.1734245        0.984999597072601     
  0.1758671        0.984575212001801     
  0.1783097        0.984144926071167     
  0.1807523        0.983708739280701     
  0.1831949        0.983266711235046     
  0.1856375        0.982818782329559     
  0.1880801        0.982365012168884     
  0.1905227        0.981905400753021     
  0.1929653        0.981439888477325     
  0.1954079        0.980968534946442     
  0.1978505        0.980491340160370     
  0.2002931        0.980008304119110     
  0.2027357        0.979519426822662     
  0.2051783        0.979024648666382     
  0.2076209        0.978524088859558     
  0.2100635        0.978017687797546     
  0.2125061        0.977505445480347     
  0.2149487        0.976987361907959     
  0.2173913        0.976463437080383     
  0.2198339        0.975933670997620     
  0.2222765        0.975398123264313     
  0.2247191        0.974856734275818     
  0.2271617        0.974309563636780     
  0.2296043        0.973756551742554     
  0.2320469        0.973197698593140     
  0.2344895        0.972633063793182     
  0.2369321        0.972062647342682     
  0.2393747        0.971486449241638     
  0.2418173        0.970904409885406     
  0.2442598        0.970316588878632     
  0.2467024        0.969722986221313     
  0.2491450        0.969123601913452     
  0.2515877        0.968518435955048     
  0.2540303        0.967907428741455     
  0.2564729        0.967290699481964     
  0.2589155        0.966668248176575     
  0.2613581        0.966039955615997     
  0.2638007        0.965405941009521     
  0.2662432        0.964766144752502     
  0.2686858        0.964120566844940     
  0.2711284        0.963469266891479     
  0.2735710        0.962812244892120     
  0.2760136        0.962149441242218     
  0.2784562        0.961480915546417     
  0.2808988        0.960806667804718     
  0.2833414        0.960126638412476     
  0.2857840        0.959440946578979     
  0.2882266        0.958749473094940     
  0.2906692        0.958052277565002     
  0.2931118        0.957349419593811     
  0.2955544        0.956640779972076     
  0.2979970        0.955926477909088     
  0.3004396        0.955206453800201     
  0.3028822        0.954480767250061     
  0.3053248        0.953749358654022     
  0.3077674        0.953012287616730     
  0.3102100        0.952269494533539     
  0.3126526        0.951521039009094     
  0.3150952        0.950766861438751     
  0.3175378        0.950007081031799     
  0.3199804        0.949241578578949     
  0.3224230        0.948470413684845     
  0.3248656        0.947693645954132     
  0.3273082        0.946911156177521     
  0.3297508        0.946123063564301     
  0.3321934        0.945329308509827     
  0.3346360        0.944529891014099     
  0.3370786        0.943724870681763     
  0.3395212        0.942914247512817     
  0.3419638        0.942097961902618     
  0.3444064        0.941276013851166     
  0.3468490        0.940448522567749     
  0.3492916        0.939615368843079     
  0.3517342        0.938776671886444     
  0.3541768        0.937932312488556     
  0.3566194        0.937082350254059     
  0.3590620        0.936226844787598     
  0.3615046        0.935365736484528     
  0.3639472        0.934499025344849     
  0.3663898        0.933626770973206     
  0.3688324        0.932748913764954     
  0.3712750        0.931865513324738     
  0.3737176        0.930976569652557     
  0.3761602        0.930082082748413     
  0.3786028        0.929181993007660     
  0.3810454        0.928276360034943     
  0.3834880        0.927365243434906     
  0.3859306        0.926448523998260     
  0.3883732        0.925526320934296     
  0.3908158        0.924598634243011     
  0.3932584        0.923665344715118     
  0.3957010        0.922726571559906     
  0.3981436        0.921782314777374     
  0.4005862        0.920832574367523     
  0.4030288        0.919877290725708     
  0.4054714        0.918916583061218     
  0.4079140        0.917950332164764     
  0.4103566        0.916978657245636     
  0.4127991        0.916001439094543     
  0.4152417        0.915018796920776     
  0.4176843        0.914030730724335     
  0.4201269        0.913037180900574     
  0.4225695        0.912038147449493     
  0.4250121        0.911033749580383     
  0.4274547        0.910023868083954     
  0.4298973        0.909008562564850     
  0.4323399        0.907987833023071     
  0.4347825        0.906961679458618     
  0.4372251        0.905930101871490     
  0.4396677        0.904893159866333     
  0.4421103        0.903850793838501     
  0.4445529        0.902803003787994     
  0.4469955        0.901749849319458     
  0.4494381        0.900691330432892     
  0.4518807        0.899627447128296     
  0.4543233        0.898558199405670     
  0.4567659        0.897483587265015     
  0.4592085        0.896403610706329     
  0.4616511        0.895318269729614     
  0.4640937        0.894227623939514     
  0.4665363        0.893131613731384     
  0.4689789        0.892030239105225     
  0.4714215        0.890923619270325     
  0.4738641        0.889811635017395     
  0.4763067        0.888694345951080     
  0.4787493        0.887571752071381     
  0.4811919        0.886443912982941     
  0.4836345        0.885310709476471     
  0.4860771        0.884172260761261     
  0.4885197        0.883028566837311     
  0.4909623        0.881879568099976     
  0.4934049        0.880725324153900     
  0.4958475        0.879565834999084     
  0.4982901        0.878401041030884     
  0.5007327        0.877231061458588     
  0.5031753        0.876055836677551     
  0.5056179        0.874875366687775     
  0.5080605        0.873689651489258     
  0.5105031        0.872498810291290     
  0.5129457        0.871302723884583     
  0.5153883        0.870101392269135     
  0.5178309        0.868894934654236     
  0.5202735        0.867683231830597     
  0.5227161        0.866466403007507     
  0.5251587        0.865244388580322     
  0.5276013        0.864017188549042     
  0.5300439        0.862784862518311     
  0.5324865        0.861547410488129     
  0.5349291        0.860304772853851     
  0.5373717        0.859057009220123     
  0.5398143        0.857804119586945     
  0.5422569        0.856546163558960     
  0.5446995        0.855283021926880     
  0.5471421        0.854014813899994     
  0.5495847        0.852741539478302     
  0.5520273        0.851463139057159     
  0.5544699        0.850179672241211     
  0.5569125        0.848891139030457     
  0.5593551        0.847597479820251     
  0.5617977        0.846298813819885     
  0.5642403        0.844995141029358     
  0.5666829        0.843686342239380     
  0.5691255        0.842372596263885     
  0.5715681        0.841053783893585     
  0.5740107        0.839729905128479     
  0.5764533        0.838401079177856     
  0.5788959        0.837067246437073     
  0.5813385        0.835728406906128     
  0.5837811        0.834384560585022     
  0.5862237        0.833035767078400     
  0.5886663        0.831681966781616     
  0.5911089        0.830323219299316     
  0.5935515        0.828959524631500     
  0.5959941        0.827590882778168     
  0.5984367        0.826217353343964     
  0.6008793        0.824838817119598     
  0.6033219        0.823455393314362     
  0.6057644        0.822067081928253     
  0.6082070        0.820673823356628     
  0.6106496        0.819275677204132     
  0.6130922        0.817872643470764     
  0.6155348        0.816464722156525     
  0.6179774        0.815051972866058     
  0.6204200        0.813634335994720     
  0.6228626        0.812211811542511     
  0.6253052        0.810784518718719     
  0.6277478        0.809352338314056     
  0.6301904        0.807915329933167     
  0.6326330        0.806473493576050     
  0.6350756        0.805026829242706     
  0.6375182        0.803575396537781     
  0.6399608        0.802119135856628     
  0.6424034        0.800658106803894     
  0.6448460        0.799192309379578     
  0.6472886        0.797721743583679     
  0.6497312        0.796246409416199     
  0.6521738        0.794766366481781     
  0.6546164        0.793281555175781     
  0.6570590        0.791791975498199     
  0.6595016        0.790297687053680     
  0.6619442        0.788798689842224     
  0.6643868        0.787294983863831     
  0.6668294        0.785786628723145     
  0.6692720        0.784273505210876     
  0.6717146        0.782755792140961     
  0.6741572        0.781233310699463     
  0.6765998        0.779706239700317     
  0.6790424        0.778174519538879     
  0.6814850        0.776638090610504     
  0.6839276        0.775097072124481     
  0.6863702        0.773551404476166     
  0.6888128        0.772001147270203     
  0.6912554        0.770446300506592     
  0.6936980        0.768886864185333     
  0.6961406        0.767322778701782     
  0.6985832        0.765754163265228     
  0.7010258        0.764180958271027     
  0.7034684        0.762603223323822     
  0.7059110        0.761020898818970     
  0.7083536        0.759434044361115     
  0.7107962        0.757842659950256     
  0.7132388        0.756246745586395     
  0.7156814        0.754646360874176     
  0.7181240        0.753041446208954     
  0.7205666        0.751432001590729     
  0.7230092        0.749818146228790     
  0.7254518        0.748199760913849     
  0.7278944        0.746576905250549     
  0.7303370        0.744949638843536     
  0.7327796        0.743317902088165     
  0.7352222        0.741681754589081     
  0.7376648        0.740041196346283     
  0.7401074        0.738396167755127     
  0.7425500        0.736746728420258     
  0.7449926        0.735092937946320     
  0.7474352        0.733434736728668     
  0.7498778        0.731772184371948     
  0.7523203        0.730105280876160     
  0.7547629        0.728433966636658     
  0.7572055        0.726758360862732     
  0.7596481        0.725078344345093     
  0.7620907        0.723394095897675     
  0.7645333        0.721705436706543     
  0.7669759        0.720012545585632     
  0.7694185        0.718315303325653     
  0.7718611        0.716613829135895     
  0.7743037        0.714908063411713     
  0.7767463        0.713198006153107     
  0.7791889        0.711483716964722     
  0.7816315        0.709765195846558     
  0.7840741        0.708042383193970     
  0.7865167        0.706315398216248     
  0.7889593        0.704584181308746     
  0.7914019        0.702848792076111     
  0.7938445        0.701109170913696     
  0.7962871        0.699365377426147     
  0.7987297        0.697617411613464     
  0.8011723        0.695865273475647     
  0.8036149        0.694108963012695     
  0.8060575        0.692348539829254     
  0.8085001        0.690584003925323     
  0.8109427        0.688815355300903     
  0.8133853        0.687042534351349     
  0.8158279        0.685265660285950     
  0.8182705        0.683484673500061     
  0.8207131        0.681699633598328     
  0.8231557        0.679910540580750     
  0.8255983        0.678117334842682     
  0.8280409        0.676320135593414     
  0.8304835        0.674518883228302     
  0.8329261        0.672713637351990     
  0.8353687        0.670904338359833     
  0.8378113        0.669091045856476     
  0.8402539        0.667273759841919     
  0.8426965        0.665452480316162     
  0.8451391        0.663627266883850     
  0.8475817        0.661798059940338     
  0.8500243        0.659964919090271     
  0.8524669        0.658127844333649     
  0.8549095        0.656286835670471     
  0.8573521        0.654441893100739     
  0.8597947        0.652593076229095     
  0.8622373        0.650740325450897     
  0.8646799        0.648883759975433     
  0.8671225        0.647023260593414     
  0.8695651        0.645158946514130     
  0.8720077        0.643290758132935     
  0.8744503        0.641418695449829     
  0.8768929        0.639542877674103     
  0.8793355        0.637663185596466     
  0.8817781        0.635779738426208     
  0.8842207        0.633892476558685     
  0.8866633        0.632001399993896     
  0.8891059        0.630106568336487     
  0.8915485        0.628208041191101     
  0.8939911        0.626305699348450     
  0.8964337        0.624399602413177     
  0.8988762        0.622489869594574     
  0.9013188        0.620576322078705     
  0.9037614        0.618659138679504     
  0.9062040        0.616738259792328     
  0.9086466        0.614813685417175     
  0.9110892        0.612885415554047     
  0.9135318        0.610953509807587     
  0.9159744        0.609017968177795     
  0.9184170        0.607078790664673     
  0.9208596        0.605135977268219     
  0.9233022        0.603189587593079     
  0.9257448        0.601239562034607     
  0.9281874        0.599286019802094     
  0.9306300        0.597328841686249     
  0.9330726        0.595368087291718     
  0.9355152        0.593403816223145     
  0.9379578        0.591435968875885     
  0.9404004        0.589464604854584     
  0.9428430        0.587489724159241     
  0.9452856        0.585511386394501     
  0.9477282        0.583529472351074     
  0.9501708        0.581544160842896     
  0.9526134        0.579555332660675     
  0.9550560        0.577563047409058     
  0.9574986        0.575567305088043     
  0.9599412        0.573568165302277     
  0.9623838        0.571565568447113     
  0.9648264        0.569559574127197     
  0.9672690        0.567550182342529     
  0.9697116        0.565537393093109     
  0.9721542        0.563521265983582     
  0.9745968        0.561501741409302     
  0.9770394        0.559478878974915     
  0.9794820        0.557452678680420     
  0.9819246        0.555423140525818     
  0.9843672        0.553390324115753     
  0.9868098        0.551354169845581     
  0.9892524        0.549314737319946     
  0.9916950        0.547272026538849     
  0.9941376        0.545226037502289     
  0.9965802        0.543176829814911     
  0.9990228        0.541124343872070     
   1.001465        0.539068579673767     
   1.003908        0.537009716033936     
   1.006351        0.534947574138641     
   1.008793        0.532882273197174     
   1.011236        0.530813753604889     
   1.013678        0.528742134571075     
   1.016121        0.526667296886444     
   1.018564        0.524589359760284     
   1.021006        0.522508263587952     
   1.023449        0.520424067974091     
   1.025891        0.518336772918701     
   1.028334        0.516246378421783     
   1.030777        0.514152884483337     
   1.033219        0.512056350708008     
   1.035662        0.509956777095795     
   1.038104        0.507854104042053     
   1.040547        0.505748450756073     
   1.042990        0.503639757633209     
   1.045432        0.501528024673462     
   1.047875        0.499413371086121     
   1.050317        0.497295707464218     
   1.052760        0.495175063610077     
   1.055203        0.493051469326019     
   1.057645        0.490924954414368     
   1.060088        0.488795489072800     
   1.062530        0.486663103103638     
   1.064973        0.484527826309204     
   1.067416        0.482389658689499     
   1.069858        0.480248630046844     
   1.072301        0.478104710578918     
   1.074743        0.475957930088043     
   1.077186        0.473808348178864     
   1.079629        0.471655905246735     
   1.082071        0.469500660896301     
   1.084514        0.467342615127563     
   1.086956        0.465181767940521     
   1.089399        0.463018149137497     
   1.091842        0.460851788520813     
   1.094284        0.458682656288147     
   1.096727        0.456510812044144     
   1.099169        0.454336225986481     
   1.101612        0.452158927917480     
   1.104055        0.449978947639465     
   1.106497        0.447796255350113     
   1.108940        0.445610910654068     
   1.111382        0.443422913551331     
   1.113825        0.441232264041901     
   1.116268        0.439038962125778     
   1.118710        0.436843067407608     
   1.121153        0.434644550085068     
   1.123595        0.432443439960480     
   1.126038        0.430239766836166     
   1.128481        0.428033530712128     
   1.130923        0.425824701786041     
   1.133366        0.423613369464874     
   1.135808        0.421399503946304     
   1.138251        0.419183105230331     
   1.140694        0.416964232921600     
   1.143136        0.414742857217789     
   1.145579        0.412519007921219     
   1.148021        0.410292685031891     
   1.150464        0.408063918352127     
   1.152907        0.405832737684250     
   1.155349        0.403599113225937     
   1.157792        0.401363104581833     
   1.160234        0.399124681949615     
   1.162677        0.396883875131607     
   1.165120        0.394640713930130     
   1.167562        0.392395198345184     
   1.170005        0.390147328376770     
   1.172447        0.387897133827209     
   1.174890        0.385644644498825     
   1.177333        0.383389830589294     
   1.179775        0.381132751703262     
   1.182218        0.378873378038406     
   1.184660        0.376611739397049     
   1.187103        0.374347865581512     
   1.189546        0.372081756591797     
   1.191988        0.369813442230225     
   1.194431        0.367542892694473     
   1.196873        0.365270167589188     
   1.199316        0.362995266914368     
   1.201759        0.360718190670013     
   1.204201        0.358438968658447     
   1.206644        0.356157600879669     
   1.209086        0.353874117136002     
   1.211529        0.351588517427444     
   1.213971        0.349300831556320     
   1.216414        0.347011059522629     
   1.218857        0.344719201326370     
   1.221299        0.342425286769867     
   1.223742        0.340129345655441     
   1.226184        0.337831348180771     
   1.228627        0.335531353950500     
   1.231070        0.333229362964630     
   1.233512        0.330925375223160     
   1.235955        0.328619420528412     
   1.238397        0.326311498880386     
   1.240840        0.324001640081406     
   1.243283        0.321689844131470     
   1.245725        0.319376111030579     
   1.248168        0.317060500383377     
   1.250610        0.314742982387543     
   1.253053        0.312423586845398     
   1.255496        0.310102313756943     
   1.257938        0.307779222726822     
   1.260381        0.305454283952713     
   1.262823        0.303127497434616     
   1.265266        0.300798922777176     
   1.267709        0.298468559980392     
   1.270151        0.296136409044266     
   1.272594        0.293802469968796     
   1.275036        0.291466802358627     
   1.277479        0.289129406213760     
   1.279922        0.286790281534195     
   1.282364        0.284449428319931     
   1.284807        0.282106876373291     
   1.287249        0.279762655496597     
   1.289692        0.277416765689850     
   1.292135        0.275069206953049     
   1.294577        0.272720009088516     
   1.297020        0.270369201898575     
   1.299462        0.268016755580902     
   1.301905        0.265662729740143     
   1.304348        0.263307124376297     
   1.306790        0.260949939489365     
   1.309233        0.258591175079346     
   1.311675        0.256230890750885     
   1.314118        0.253869086503983     
   1.316561        0.251505762338638     
   1.319003        0.249140918254852     
   1.321446        0.246774598956108     
   1.323888        0.244406819343567     
   1.326331        0.242037564516068     
   1.328774        0.239666879177094     
   1.331216        0.237294748425484     
   1.333659        0.234921216964722     
   1.336101        0.232546269893646     
   1.338544        0.230169951915741     
   1.340987        0.227792248129845     
   1.343429        0.225413188338280     
   1.345872        0.223032787442207     
   1.348314        0.220651045441628     
   1.350757        0.218267992138863     
   1.353200        0.215883642435074     
   1.355642        0.213498011231422     
   1.358085        0.211111083626747     
   1.360527        0.208722919225693     
   1.362970        0.206333488225937     
   1.365413        0.203942850232124     
   1.367855        0.201550975441933     
   1.370298        0.199157908558846     
   1.372740        0.196763649582863     
   1.375183        0.194368213415146     
   1.377626        0.191971614956856     
   1.380068        0.189573884010315     
   1.382511        0.187175020575523     
   1.384953        0.184775024652481     
   1.387396        0.182373940944672     
   1.389839        0.179971769452095     
   1.392281        0.177568525075912     
   1.394724        0.175164207816124     
   1.397166        0.172758862376213     
   1.399609        0.170352473855019     
   1.402052        0.167945072054863     
   1.404494        0.165536671876907     
   1.406937        0.163127273321152     
   1.409379        0.160716906189919     
   1.411822        0.158305585384369     
   1.414265        0.155893325805664     
   1.416707        0.153480127453804     
   1.419150        0.151066005229950     
   1.421592        0.148650988936424     
   1.424035        0.146235093474388     
   1.426478        0.143818318843842     
   1.428920        0.141400694847107     
   1.431363        0.138982206583023     
   1.433805        0.136562913656235     
   1.436248        0.134142786264420     
   1.438691        0.131721869111061     
   1.441133        0.129300162196159     
   1.443576        0.126877680420876     
   1.446018        0.124454453587532     
   1.448461        0.122030474245548     
   1.450904        0.119605772197247     
   1.453346        0.117180354893208     
   1.455789        0.114754237234592     
   1.458231        0.112327434122562     
   1.460674        0.109899960458279     
   1.463117        0.107471831142902     
   1.465559        0.105043061077595     
   1.468002        0.102613665163517     
   1.470444        0.100183658301830     
   1.472887        9.775304794311523E-002
   1.475330        9.532186388969421E-002
   1.477772        9.289010614156723E-002
   1.480215        9.045778959989548E-002
   1.482657        8.802493661642075E-002
   1.485100        8.559156209230423E-002
   1.487543        8.315767347812653E-002
   1.489985        8.072329312562943E-002
   1.492428        7.828842848539352E-002
   1.494870        7.585309445858002E-002
   1.497313        7.341730594635010E-002
   1.499756        7.098108530044556E-002
   1.502198        6.854443997144699E-002
   1.504641        6.610738486051559E-002
   1.507083        6.366993486881256E-002
   1.509526        6.123210489749908E-002
   1.511968        5.879390984773636E-002
   1.514411        5.635536089539528E-002
   1.516854        5.391648039221764E-002
   1.519296        5.147727578878403E-002
   1.521739        4.903776571154594E-002
   1.524181        4.659796133637428E-002
   1.526624        4.415788128972054E-002
   1.529067        4.171753302216530E-002
   1.531509        3.927694261074066E-002
   1.533952        3.683611378073692E-002
   1.536394        3.439506515860558E-002
   1.538837        3.195381164550781E-002
   1.541280        2.951236814260483E-002
   1.543722        2.707074768841267E-002
   1.546165        2.462896518409252E-002
   1.548607        2.218703739345074E-002
   1.551050        1.974497735500336E-002
   1.553493        1.730279810726643E-002
   1.555935        1.486051641404629E-002
   1.558378        1.241814531385899E-002
   1.560820        9.975700639188290E-003
   1.563263        7.533196825534105E-003
   1.565706        5.090647842735052E-003
   1.568148        2.648068359121680E-003
   1.570591        2.054731012322009E-004
   1.573033       -2.237123437225819E-003
   1.575476       -4.679706413298845E-003
   1.577919       -7.122261915355921E-003
   1.580361       -9.564774110913277E-003
   1.582804       -1.200722996145487E-002
   1.585246       -1.444961410015821E-002
   1.587689       -1.689191162586212E-002
   1.590132       -1.933410950005054E-002
   1.592574       -2.177619002759457E-002
   1.595017       -2.421814203262329E-002
   1.597459       -2.665994875133038E-002
   1.599902       -2.910159714519978E-002
   1.602345       -3.154307231307030E-002
   1.604787       -3.398435935378075E-002
   1.607230       -3.642544150352478E-002
   1.609672       -3.886630758643150E-002
   1.612115       -4.130694270133972E-002
   1.614558       -4.374733194708824E-002
   1.617000       -4.618745669722557E-002
   1.619443       -4.862730950117111E-002
   1.621885       -5.106687173247337E-002
   1.624328       -5.350612848997116E-002
   1.626771       -5.594506487250328E-002
   1.629213       -5.838366970419884E-002
   1.631656       -6.082192435860634E-002
   1.634098       -6.325981765985489E-002
   1.636541       -6.569732725620270E-002
   1.638984       -6.813445687294006E-002
   1.641426       -7.057116925716400E-002
   1.643869       -7.300746440887451E-002
   1.646311       -7.544332742691040E-002
   1.648754       -7.787873595952988E-002
   1.651197       -8.031368255615234E-002
   1.653639       -8.274814486503601E-002
   1.656082       -8.518211543560028E-002
   1.658524       -8.761557936668396E-002
   1.660967       -9.004852175712585E-002
   1.663410       -9.248092770576477E-002
   1.665852       -9.491278231143951E-002
   1.668295       -9.734406322240829E-002
   1.670737       -9.977477043867111E-002
   1.673180       -0.102204881608486     
   1.675623       -0.104634381830692     
   1.678065       -0.107063256204128     
   1.680508       -0.109491489827633     
   1.682950       -0.111919075250626     
   1.685393       -0.114345990121365     
   1.687836       -0.116772226989269     
   1.690278       -0.119197763502598     
   1.692721       -0.121622592210770     
   1.695163       -0.124046690762043     
   1.697606       -0.126470044255257     
   1.700049       -0.128892660140991     
   1.702491       -0.131314486265182     
   1.704934       -0.133735552430153     
   1.707376       -0.136155799031258     
   1.709819       -0.138575240969658     
   1.712262       -0.140993863344193     
   1.714704       -0.143411636352539     
   1.717147       -0.145828559994698     
   1.719589       -0.148244604468346     
   1.722032       -0.150659769773483     
   1.724475       -0.153074026107788     
   1.726917       -0.155487388372421     
   1.729360       -0.157899811863899     
   1.731802       -0.160311296582222     
   1.734245       -0.162721827626228     
   1.736688       -0.165131375193596     
   1.739130       -0.167539939284325     
   1.741573       -0.169947519898415     
   1.744015       -0.172354072332382     
   1.746458       -0.174759596586227     
   1.748901       -0.177164092659950     
   1.751343       -0.179567515850067     
   1.753786       -0.181969881057739     
   1.756228       -0.184371143579483     
   1.758671       -0.186771318316460     
   1.761114       -0.189170375466347     
   1.763556       -0.191568300127983     
   1.765999       -0.193965092301369     
   1.768441       -0.196360722184181     
   1.770884       -0.198755174875259     
   1.773327       -0.201148450374603     
   1.775769       -0.203540518879890     
   1.778212       -0.205931380391121     
   1.780654       -0.208321005105972     
   1.783097       -0.210709393024445     
   1.785540       -0.213096514344215     
   1.787982       -0.215482369065285     
   1.790425       -0.217866942286491     
   1.792867       -0.220250219106674     
   1.795310       -0.222632169723511     
   1.797752       -0.225012794137001     
   1.800195       -0.227392092347145     
   1.802638       -0.229770019650459     
   1.805080       -0.232146576046944     
   1.807523       -0.234521746635437     
   1.809965       -0.236895516514778     
   1.812408       -0.239267885684967     
   1.814851       -0.241638809442520     
   1.817293       -0.244008302688599     
   1.819736       -0.246376350522041     
   1.822178       -0.248742908239365     
   1.824621       -0.251107990741730     
   1.827064       -0.253471583127975     
   1.829506       -0.255833655595779     
   1.831949       -0.258194208145142     
   1.834391       -0.260553210973740     
   1.836834       -0.262910634279251     
   1.839277       -0.265266537666321     
   1.841719       -0.267620831727982     
   1.844162       -0.269973516464233     
   1.846604       -0.272324621677399     
   1.849047       -0.274674087762833     
   1.851490       -0.277021914720535     
   1.853932       -0.279368102550507     
   1.856375       -0.281712591648102     
   1.858817       -0.284055441617966     
   1.861260       -0.286396563053131     
   1.863703       -0.288735985755920     
   1.866145       -0.291073679924011     
   1.868588       -0.293409645557404     
   1.871030       -0.295743852853775     
   1.873473       -0.298076301813126     
   1.875916       -0.300406992435455     
   1.878358       -0.302735865116119     
   1.880801       -0.305062949657440     
   1.883243       -0.307388186454773     
   1.885686       -0.309711605310440     
   1.888129       -0.312033176422119     
   1.890571       -0.314352899789810     
   1.893014       -0.316670715808868     
   1.895456       -0.318986654281616     
   1.897899       -0.321300715208054     
   1.900342       -0.323612838983536     
   1.902784       -0.325923025608063     
   1.905227       -0.328231275081635     
   1.907669       -0.330537557601929     
   1.910112       -0.332841873168945     
   1.912555       -0.335144221782684     
   1.914997       -0.337444543838501     
   1.917440       -0.339742869138718     
   1.919882       -0.342039167881012     
   1.922325       -0.344333410263062     
   1.924768       -0.346625626087189     
   1.927210       -0.348915755748749     
   1.929653       -0.351203799247742     
   1.932095       -0.353489756584167     
   1.934538       -0.355773597955704     
   1.936981       -0.358055293560028     
   1.939423       -0.360334903001785     
   1.941866       -0.362612336874008     
   1.944308       -0.364887595176697     
   1.946751       -0.367160677909851     
   1.949194       -0.369431585073471     
   1.951636       -0.371700286865234     
   1.954079       -0.373966783285141     
   1.956521       -0.376231014728546     
   1.958964       -0.378493040800095     
   1.961407       -0.380752772092819     
   1.963849       -0.383010268211365     
   1.966292       -0.385265439748764     
   1.968734       -0.387518346309662     
   1.971177       -0.389768928289413     
   1.973620       -0.392017185688019     
   1.976062       -0.394263088703156     
   1.978505       -0.396506667137146     
   1.980947       -0.398747861385345     
   1.983390       -0.400986671447754     
   1.985833       -0.403223097324371     
   1.988275       -0.405457109212875     
   1.990718       -0.407688707113266     
   1.993160       -0.409917891025543     
   1.995603       -0.412144601345062     
   1.998046       -0.414368867874146     
   2.000488       -0.416590780019760     
   2.002931       -0.418810099363327     
   2.005373       -0.421026885509491     
   2.007816       -0.423241198062897     
   2.010259       -0.425452947616577     
   2.012701       -0.427662193775177     
   2.015144       -0.429868876934052     
   2.017586       -0.432072997093201     
   2.020029       -0.434274524450302     
   2.022472       -0.436473488807678     
   2.024914       -0.438669830560684     
   2.027357       -0.440863549709320     
   2.029799       -0.443054646253586     
   2.032242       -0.445243090391159     
   2.034685       -0.447428882122040     
   2.037127       -0.449612021446228     
   2.039570       -0.451792448759079     
   2.042012       -0.453970223665237     
   2.044455       -0.456145256757736     
   2.046898       -0.458317577838898     
   2.049340       -0.460487157106400     
   2.051783       -0.462653994560242     
   2.054225       -0.464818060398102     
   2.056668       -0.466979354619980     
   2.059111       -0.469137877225876     
   2.061553       -0.471293598413467     
   2.063996       -0.473446518182755     
   2.066438       -0.475596576929092     
   2.068881       -0.477743834257126     
   2.071324       -0.479888230562210     
   2.073766       -0.482029765844345     
   2.076209       -0.484168410301208     
   2.078651       -0.486304163932800     
   2.081094       -0.488437056541443     
   2.083537       -0.490566998720169     
   2.085979       -0.492694020271301     
   2.088422       -0.494818091392517     
   2.090864       -0.496939241886139     
   2.093307       -0.499057382345200     
   2.095750       -0.501172602176666     
   2.098192       -0.503284811973572     
   2.100635       -0.505393981933594     
   2.103077       -0.507500171661377     
   2.105520       -0.509603321552277     
   2.107963       -0.511703431606293     
   2.110405       -0.513800501823425     
   2.112848       -0.515894472599030     
   2.115290       -0.517985403537750     
   2.117733       -0.520073235034943     
   2.120176       -0.522157967090607     
   2.122618       -0.524239540100098     
   2.125061       -0.526318013668060     
   2.127503       -0.528393387794495     
   2.129946       -0.530465543270111     
   2.132389       -0.532534599304199     
   2.134831       -0.534600436687469     
   2.137274       -0.536663055419922     
   2.139716       -0.538722515106201     
   2.142159       -0.540778756141663     
   2.144602       -0.542831778526306     
   2.147044       -0.544881582260132     
   2.149487       -0.546928107738495     
   2.151929       -0.548971354961395     
   2.154372       -0.551011323928833     
   2.156815       -0.553048014640808     
   2.159257       -0.555081427097321     
   2.161700       -0.557111501693726     
   2.164142       -0.559138238430023     
   2.166585       -0.561161696910858     
   2.169028       -0.563181757926941     
   2.171470       -0.565198481082916     
   2.173913       -0.567211806774139     
   2.176355       -0.569221794605255     
   2.178798       -0.571228384971619     
   2.181241       -0.573231518268585     
   2.183683       -0.575231254100800     
   2.186126       -0.577227532863617     
   2.188568       -0.579220414161682     
   2.191011       -0.581209838390350     
   2.193454       -0.583195745944977     
   2.195896       -0.585178196430206     
   2.198339       -0.587157189846039     
   2.200781       -0.589132666587830     
   2.203224       -0.591104626655579     
   2.205667       -0.593073010444641     
   2.208109       -0.595037877559662     
   2.210552       -0.596999228000641     
   2.212994       -0.598957002162933     
   2.215437       -0.600911200046539     
   2.217880       -0.602861821651459     
   2.220322       -0.604808866977692     
   2.222765       -0.606752276420593     
   2.225207       -0.608692049980164     
   2.227650       -0.610628187656403     
   2.230093       -0.612560689449310     
   2.232535       -0.614489555358887     
   2.234978       -0.616414725780487     
   2.237420       -0.618336260318756     
   2.239863       -0.620254099369049     
   2.242306       -0.622168242931366     
   2.244748       -0.624078631401062     
   2.247191       -0.625985324382782     
   2.249633       -0.627888262271881     
   2.252076       -0.629787504673004     
   2.254519       -0.631682932376862     
   2.256961       -0.633574604988098     
   2.259404       -0.635462522506714     
   2.261846       -0.637346625328064     
   2.264289       -0.639226913452148     
   2.266732       -0.641103446483612     
   2.269174       -0.642976105213165     
   2.271617       -0.644844949245453     
   2.274059       -0.646709918975830     
   2.276502       -0.648571014404297     
   2.278944       -0.650428295135498     
   2.281387       -0.652281641960144     
   2.283830       -0.654131174087524     
   2.286272       -0.655976712703705     
   2.288715       -0.657818377017975     
   2.291157       -0.659656167030334     
   2.293600       -0.661489963531494     
   2.296043       -0.663319826126099     
   2.298485       -0.665145695209503     
   2.300928       -0.666967630386353     
   2.303370       -0.668785631656647     
   2.305813       -0.670599579811096     
   2.308256       -0.672409534454346     
   2.310698       -0.674215495586395     
   2.313141       -0.676017403602600     
   2.315583       -0.677815318107605     
   2.318026       -0.679609179496765     
   2.320469       -0.681398987770081     
   2.322911       -0.683184683322906     
   2.325354       -0.684966385364532     
   2.327796       -0.686743915081024     
   2.330239       -0.688517391681671     
   2.332682       -0.690286755561829     
   2.335124       -0.692052006721497     
   2.337567       -0.693813145160675     
   2.340009       -0.695570111274719     
   2.342452       -0.697322964668274     
   2.344895       -0.699071586132050     
   2.347337       -0.700816094875336     
   2.349780       -0.702556431293488     
   2.352222       -0.704292535781860     
   2.354665       -0.706024467945099     
   2.357108       -0.707752168178558     
   2.359550       -0.709475636482239     
   2.361993       -0.711194932460785     
   2.364435       -0.712909936904907     
   2.366878       -0.714620709419250     
   2.369321       -0.716327190399170     
   2.371763       -0.718029379844666     
   2.374206       -0.719727337360382     
   2.376648       -0.721421003341675     
   2.379091       -0.723110318183899     
   2.381534       -0.724795341491699     
   2.383976       -0.726476013660431     
   2.386419       -0.728152394294739     
   2.388861       -0.729824423789978     
   2.391304       -0.731492102146149     
   2.393747       -0.733155369758606     
   2.396189       -0.734814345836639     
   2.398632       -0.736468851566315     
   2.401074       -0.738119006156921     
   2.403517       -0.739764750003815     
   2.405960       -0.741406083106995     
   2.408402       -0.743043005466461     
   2.410845       -0.744675457477570     
   2.413287       -0.746303498744965     
   2.415730       -0.747927069664001     
   2.418173       -0.749546229839325     
   2.420615       -0.751160860061646     
   2.423058       -0.752771019935608     
   2.425500       -0.754376709461212     
   2.427943       -0.755977869033813     
   2.430386       -0.757574498653412     
   2.432828       -0.759166657924652     
   2.435271       -0.760754287242889     
   2.437713       -0.762337327003479     
   2.440156       -0.763915896415710     
   2.442599       -0.765489816665649     
   2.445041       -0.767059206962585     
   2.447484       -0.768624067306519     
   2.449926       -0.770184278488159     
   2.452369       -0.771739959716797     
   2.454812       -0.773290991783142     
   2.457254       -0.774837374687195     
   2.459697       -0.776379227638245     
   2.462139       -0.777916371822357     
   2.464582       -0.779448926448822     
   2.467025       -0.780976772308350     
   2.469467       -0.782499969005585     
   2.471910       -0.784018576145172     
   2.474352       -0.785532414913177     
   2.476795       -0.787041604518890     
   2.479238       -0.788546085357666     
   2.481680       -0.790045857429504     
   2.484123       -0.791540920734406     
   2.486565       -0.793031275272369     
   2.489008       -0.794516921043396     
   2.491451       -0.795997798442841     
   2.493893       -0.797473907470703     
   2.496336       -0.798945307731628     
   2.498778       -0.800411880016327     
   2.501221       -0.801873743534088     
   2.503664       -0.803330779075623     
   2.506106       -0.804782986640930     
   2.508549       -0.806230485439301     
   2.510991       -0.807673096656799     
   2.513434       -0.809110939502716     
   2.515877       -0.810543894767761     
   2.518319       -0.811972081661224     
   2.520762       -0.813395380973816     
   2.523204       -0.814813852310181     
   2.525647       -0.816227436065674     
   2.528090       -0.817636132240295     
   2.530532       -0.819040000438690     
   2.532975       -0.820438981056213     
   2.535417       -0.821833074092865     
   2.537860       -0.823222219944000     
   2.540303       -0.824606478214264     
   2.542745       -0.825985789299011     
   2.545188       -0.827360212802887     
   2.547630       -0.828729689121246     
   2.550073       -0.830094218254089     
   2.552516       -0.831453740596771     
   2.554958       -0.832808375358582     
   2.557401       -0.834158003330231     
   2.559843       -0.835502684116364     
   2.562286       -0.836842358112335     
   2.564728       -0.838177025318146     
   2.567171       -0.839506745338440     
   2.569614       -0.840831398963928     
   2.572056       -0.842151105403900     
   2.574499       -0.843465745449066     
   2.576941       -0.844775319099426     
   2.579384       -0.846079885959625     
   2.581827       -0.847379386425018     
   2.584269       -0.848673880100250     
   2.586712       -0.849963247776031     
   2.589154       -0.851247608661652     
   2.591597       -0.852526843547821     
   2.594040       -0.853801012039185     
   2.596482       -0.855070054531097     
   2.598925       -0.856334030628204     
   2.601367       -0.857592880725861     
   2.603810       -0.858846604824066     
   2.606253       -0.860095262527466     
   2.608695       -0.861338734626770     
   2.611138       -0.862577080726624     
   2.613580       -0.863810300827026     
   2.616023       -0.865038335323334     
   2.618466       -0.866261184215546     
   2.620908       -0.867478907108307     
   2.623351       -0.868691444396973     
   2.625793       -0.869898796081543     
   2.628236       -0.871100962162018     
   2.630679       -0.872297942638397     
   2.633121       -0.873489737510681     
   2.635564       -0.874676287174225     
   2.638006       -0.875857591629028     
   2.640449       -0.877033710479736     
   2.642892       -0.878204584121704     
   2.645334       -0.879370212554932     
   2.647777       -0.880530595779419     
   2.650219       -0.881685733795166     
   2.652662       -0.882835626602173     
   2.655105       -0.883980214595795     
   2.657547       -0.885119557380676     
   2.659990       -0.886253654956818     
   2.662432       -0.887382388114929     
   2.664875       -0.888505876064301     
   2.667318       -0.889624059200287     
   2.669760       -0.890736937522888     
   2.672203       -0.891844451427460     
   2.674645       -0.892946660518646     
   2.677088       -0.894043564796448     
   2.679531       -0.895135164260864     
   2.681973       -0.896221399307251     
   2.684416       -0.897302269935608     
   2.686858       -0.898377776145935     
   2.689301       -0.899447977542877     
   2.691744       -0.900512754917145     
   2.694186       -0.901572167873383     
   2.696629       -0.902626216411591     
   2.699071       -0.903674900531769     
   2.701514       -0.904718160629272     
   2.703957       -0.905756056308746     
   2.706399       -0.906788527965546     
   2.708842       -0.907815575599670     
   2.711284       -0.908837199211121     
   2.713727       -0.909853398799896     
   2.716170       -0.910864233970642     
   2.718612       -0.911869585514069     
   2.721055       -0.912869513034821     
   2.723497       -0.913863956928253     
   2.725940       -0.914852976799011     
   2.728383       -0.915836513042450     
   2.730825       -0.916814625263214     
   2.733268       -0.917787253856659     
   2.735710       -0.918754398822784     
   2.738153       -0.919716060161591     
   2.740596       -0.920672237873077     
   2.743038       -0.921622931957245     
   2.745481       -0.922568142414093     
   2.747923       -0.923507809638977     
   2.750366       -0.924441993236542     
   2.752809       -0.925370633602142     
   2.755251       -0.926293790340424     
   2.757694       -0.927211403846741     
   2.760136       -0.928123474121094     
   2.762579       -0.929030001163483     
   2.765022       -0.929931044578552     
   2.767464       -0.930826485157013     
   2.769907       -0.931716382503510     
   2.772349       -0.932600736618042     
   2.774792       -0.933479487895966     
   2.777235       -0.934352695941925     
   2.779677       -0.935220301151276     
   2.782120       -0.936082363128662     
   2.784562       -0.936938822269440     
   2.787005       -0.937789738178253     
   2.789448       -0.938634991645813     
   2.791890       -0.939474701881409     
   2.794333       -0.940308749675751     
   2.796775       -0.941137194633484     
   2.799218       -0.941960096359253     
   2.801661       -0.942777276039124     
   2.804103       -0.943588912487030     
   2.806546       -0.944394886493683     
   2.808988       -0.945195198059082     
   2.811431       -0.945989906787872     
   2.813874       -0.946779012680054     
   2.816316       -0.947562396526337     
   2.818759       -0.948340177536011     
   2.821201       -0.949112236499786     
   2.823644       -0.949878692626953     
   2.826087       -0.950639426708221     
   2.828529       -0.951394557952881     
   2.830972       -0.952143967151642     
   2.833414       -0.952887713909149     
   2.835857       -0.953625738620758     
   2.838300       -0.954358100891113     
   2.840742       -0.955084800720215     
   2.843185       -0.955805778503418     
   2.845627       -0.956521034240723     
   2.848070       -0.957230567932129     
   2.850513       -0.957934439182281     
   2.852955       -0.958632588386536     
   2.855398       -0.959325015544891     
   2.857840       -0.960011720657349     
   2.860283       -0.960692644119263     
   2.862725       -0.961367905139923     
   2.865168       -0.962037384510040     
   2.867611       -0.962701141834259     
   2.870053       -0.963359177112579     
   2.872496       -0.964011430740356     
   2.874938       -0.964657962322235     
   2.877381       -0.965298712253571     
   2.879824       -0.965933680534363     
   2.882266       -0.966562926769257     
   2.884709       -0.967186391353607     
   2.887151       -0.967804133892059     
   2.889594       -0.968416035175323     
   2.892037       -0.969022154808044     
   2.894479       -0.969622552394867     
   2.896922       -0.970217108726501     
   2.899364       -0.970805943012238     
   2.901807       -0.971388936042786     
   2.904250       -0.971966147422791     
   2.906692       -0.972537517547607     
   2.909135       -0.973103106021881     
   2.911577       -0.973662912845612     
   2.914020       -0.974216938018799     
   2.916463       -0.974765121936798     
   2.918905       -0.975307464599609     
   2.921348       -0.975844025611877     
   2.923790       -0.976374745368958     
   2.926233       -0.976899623870850     
   2.928676       -0.977418661117554     
   2.931118       -0.977931916713715     
   2.933561       -0.978439331054688     
   2.936003       -0.978940844535828     
   2.938446       -0.979436576366425     
   2.940889       -0.979926466941833     
   2.943331       -0.980410516262054     
   2.945774       -0.980888664722443     
   2.948216       -0.981361031532288     
   2.950659       -0.981827497482300     
   2.953102       -0.982288122177124     
   2.955544       -0.982742846012115     
   2.957987       -0.983191728591919     
   2.960429       -0.983634769916534     
   2.962872       -0.984071910381317     
   2.965315       -0.984503209590912     
   2.967757       -0.984928607940674     
   2.970200       -0.985348165035248     
   2.972642       -0.985761821269989     
   2.975085       -0.986169576644897     
   2.977528       -0.986571490764618     
   2.979970       -0.986967504024506     
   2.982413       -0.987357616424561     
   2.984855       -0.987741827964783     
   2.987298       -0.988120198249817     
   2.989741       -0.988492608070374     
   2.992183       -0.988859176635742     
   2.994626       -0.989219784736633     
   2.997068       -0.989574551582336     
   2.999511       -0.989923357963562     
   3.001954       -0.990266323089600     
   3.004396       -0.990603327751160     
   3.006839       -0.990934431552887     
   3.009281       -0.991259634494781     
   3.011724       -0.991578936576843     
   3.014167       -0.991892278194427     
   3.016609       -0.992199718952179     
   3.019052       -0.992501258850098     
   3.021494       -0.992796838283539     
   3.023937       -0.993086576461792     
   3.026380       -0.993370294570923     
   3.028822       -0.993648171424866     
   3.031265       -0.993920028209686     
   3.033707       -0.994186043739319     
   3.036150       -0.994446098804474     
   3.038593       -0.994700193405151     
   3.041035       -0.994948327541351     
   3.043478       -0.995190620422363     
   3.045920       -0.995426893234253     
   3.048363       -0.995657265186310     
   3.050806       -0.995881676673889     
   3.053248       -0.996100187301636     
   3.055691       -0.996312677860260     
   3.058133       -0.996519267559052     
   3.060576       -0.996719956398010     
   3.063019       -0.996914625167847     
   3.065461       -0.997103393077850     
   3.067904       -0.997286200523376     
   3.070346       -0.997463047504425     
   3.072789       -0.997633934020996     
   3.075232       -0.997798919677734     
   3.077674       -0.997957885265350     
   3.080117       -0.998110949993134     
   3.082559       -0.998258054256439     
   3.085002       -0.998399198055267     
   3.087445       -0.998534321784973     
   3.089887       -0.998663544654846     
   3.092330       -0.998786807060242     
   3.094772       -0.998904109001160     
   3.097215       -0.999015450477600     
   3.099658       -0.999120831489563     
   3.102100       -0.999220252037048     
   3.104543       -0.999313712120056     
   3.106985       -0.999401211738586     
   3.109428       -0.999482750892639     
   3.111871       -0.999558329582214     
   3.114313       -0.999627947807312     
   3.116756       -0.999691605567932     
   3.119198       -0.999749243259430     
   3.121641       -0.999800980091095     
   3.124084       -0.999846696853638     
   3.126526       -0.999886512756348     
   3.128969       -0.999920308589935     
   3.131411       -0.999948143959045     
   3.133854       -0.999970078468323     
   3.136297       -0.999985992908478     
   3.138739       -0.999995946884155     
   3.141182       -0.999999940395355     
   3.143624       -0.999997913837433     
   3.146067       -0.999989986419678     
   3.148510       -0.999976098537445     
   3.150952       -0.999956190586090     
   3.153395       -0.999930381774902     
   3.155837       -0.999898552894592     
   3.158280       -0.999860763549805     
   3.160722       -0.999817013740540     
   3.163165       -0.999767303466797     
   3.165608       -0.999711632728577     
   3.168050       -0.999650001525879     
   3.170493       -0.999582409858704     
   3.172935       -0.999508857727051     
   3.175378       -0.999429345130920     
   3.177821       -0.999343812465668     
   3.180263       -0.999252378940582     
   3.182706       -0.999154984951019     
   3.185148       -0.999051570892334     
   3.187591       -0.998942255973816     
   3.190034       -0.998826980590820     
   3.192476       -0.998705685138702     
   3.194919       -0.998578488826752     
   3.197361       -0.998445332050323     
   3.199804       -0.998306214809418     
   3.202247       -0.998161137104034     
   3.204689       -0.998010098934174     
   3.207132       -0.997853100299835     
   3.209574       -0.997690141201019     
   3.212017       -0.997521221637726     
   3.214460       -0.997346401214600     
   3.216902       -0.997165560722351     
   3.219345       -0.996978819370270     
   3.221787       -0.996786117553711     
   3.224230       -0.996587455272675     
   3.226673       -0.996382892131805     
   3.229115       -0.996172368526459     
   3.231558       -0.995955884456635     
   3.234000       -0.995733439922333     
   3.236443       -0.995505094528198     
   3.238886       -0.995270788669586     
   3.241328       -0.995030522346497     
   3.243771       -0.994784355163574     
   3.246213       -0.994532227516174     
   3.248656       -0.994274199008942     
   3.251099       -0.994010210037231     
   3.253541       -0.993740320205688     
   3.255984       -0.993464469909668     
   3.258426       -0.993182718753815     
   3.260869       -0.992895007133484     
   3.263312       -0.992601394653320     
   3.265754       -0.992301821708679     
   3.268197       -0.991996407508850     
   3.270639       -0.991685032844543     
   3.273082       -0.991367697715759     
   3.275525       -0.991044521331787     
   3.277967       -0.990715384483337     
   3.280410       -0.990380346775055     
   3.282852       -0.990039408206940     
   3.285295       -0.989692568778992     
   3.287738       -0.989339828491211     
   3.290180       -0.988981187343597     
   3.292623       -0.988616585731506     
   3.295065       -0.988246142864227     
   3.297508       -0.987869799137115     
   3.299951       -0.987487554550171     
   3.302393       -0.987099409103394     
   3.304836       -0.986705422401428     
   3.307278       -0.986305475234985     
   3.309721       -0.985899686813354     
   3.312164       -0.985487997531891     
   3.314606       -0.985070466995239     
   3.317049       -0.984647035598755     
   3.319491       -0.984217703342438     
   3.321934       -0.983782529830933     
   3.324377       -0.983341455459595     
   3.326819       -0.982894539833069     
   3.329262       -0.982441782951355     
   3.331704       -0.981983125209808     
   3.334147       -0.981518626213074     
   3.336590       -0.981048285961151     
   3.339032       -0.980572044849396     
   3.341475       -0.980089962482452     
   3.343917       -0.979602098464966     
   3.346360       -0.979108333587646     
   3.348803       -0.978608727455139     
   3.351245       -0.978103280067444     
   3.353688       -0.977592051029205     
   3.356130       -0.977074921131134     
   3.358573       -0.976552009582520     
   3.361016       -0.976023197174072     
   3.363458       -0.975488662719727     
   3.365901       -0.974948227405548     
   3.368343       -0.974402010440826     
   3.370786       -0.973850011825562     
   3.373229       -0.973292171955109     
   3.375671       -0.972728490829468     
   3.378114       -0.972159028053284     
   3.380556       -0.971583783626556     
   3.382999       -0.971002757549286     
   3.385442       -0.970415890216827     
   3.387884       -0.969823241233826     
   3.390327       -0.969224810600281     
   3.392769       -0.968620657920837     
   3.395212       -0.968010663986206     
   3.397655       -0.967394888401031     
   3.400097       -0.966773390769958     
   3.402540       -0.966146051883698     
   3.404982       -0.965512990951538     
   3.407425       -0.964874207973480     
   3.409868       -0.964229583740234     
   3.412310       -0.963579297065735     
   3.414753       -0.962923169136047     
   3.417195       -0.962261378765106     
   3.419638       -0.961593806743622     
   3.422081       -0.960920512676239     
   3.424523       -0.960241436958313     
   3.426966       -0.959556698799133     
   3.429408       -0.958866178989410     
   3.431851       -0.958169996738434     
   3.434294       -0.957468092441559     
   3.436736       -0.956760406494141     
   3.439179       -0.956047058105469     
   3.441621       -0.955328047275543     
   3.444064       -0.954603254795074     
   3.446507       -0.953872799873352     
   3.448949       -0.953136682510376     
   3.451392       -0.952394843101501     
   3.453834       -0.951647341251373     
   3.456277       -0.950894176959991     
   3.458719       -0.950135290622711     
   3.461162       -0.949370741844177     
   3.463605       -0.948600590229034     
   3.466047       -0.947824716567993     
   3.468490       -0.947043240070343     
   3.470932       -0.946256041526794     
   3.473375       -0.945463240146637     
   3.475818       -0.944664835929871     
   3.478260       -0.943860709667206     
   3.480703       -0.943051040172577     
   3.483145       -0.942235708236694     
   3.485588       -0.941414713859558     
   3.488031       -0.940588116645813     
   3.490473       -0.939755976200104     
   3.492916       -0.938918173313141     
   3.495358       -0.938074767589569     
   3.497801       -0.937225759029388     
   3.500244       -0.936371207237244     
   3.502686       -0.935510993003845     
   3.505129       -0.934645235538483     
   3.507571       -0.933773934841156     
   3.510014       -0.932897031307220     
   3.512457       -0.932014584541321     
   3.514899       -0.931126534938812     
   3.517342       -0.930232942104340     
   3.519784       -0.929333806037903     
   3.522227       -0.928429126739502     
   3.524670       -0.927518904209137     
   3.527112       -0.926603198051453     
   3.529555       -0.925681889057159     
   3.531997       -0.924755096435547     
   3.534440       -0.923822760581970     
   3.536883       -0.922884941101074     
   3.539325       -0.921941578388214     
   3.541768       -0.920992732048035     
   3.544210       -0.920038402080536     
   3.546653       -0.919078588485718     
   3.549096       -0.918113291263580     
   3.551538       -0.917142510414124     
   3.553981       -0.916166245937347     
   3.556423       -0.915184557437897     
   3.558866       -0.914197325706482     
   3.561309       -0.913204729557037     
   3.563751       -0.912206649780273     
   3.566194       -0.911203086376190     
   3.568636       -0.910194158554077     
   3.571079       -0.909179747104645     
   3.573522       -0.908159911632538     
   3.575964       -0.907134711742401     
   3.578407       -0.906104028224945     
   3.580849       -0.905067980289459     
   3.583292       -0.904026508331299     
   3.585735       -0.902979671955109     
   3.588177       -0.901927471160889     
   3.590620       -0.900869846343994     
   3.593062       -0.899806857109070     
   3.595505       -0.898738503456116     
   3.597948       -0.897664785385132     
   3.600390       -0.896585702896118     
   3.602833       -0.895501255989075     
   3.605275       -0.894411504268646     
   3.607718       -0.893316388130188     
   3.610161       -0.892215907573700     
   3.612603       -0.891110181808472     
   3.615046       -0.889999091625214     
   3.617488       -0.888882696628571     
   3.619931       -0.887760996818542     
   3.622374       -0.886634051799774     
   3.624816       -0.885501742362976     
   3.627259       -0.884364187717438     
   3.629701       -0.883221387863159     
   3.632144       -0.882073283195496     
   3.634587       -0.880919873714447     
   3.637029       -0.879761278629303     
   3.639472       -0.878597378730774     
   3.641914       -0.877428293228149     
   3.644357       -0.876253902912140     
   3.646800       -0.875074326992035     
   3.649242       -0.873889565467834     
   3.651685       -0.872699558734894     
   3.654127       -0.871504306793213     
   3.656570       -0.870303928852081     
   3.659013       -0.869098305702209     
   3.661455       -0.867887496948242     
   3.663898       -0.866671502590179     
   3.666340       -0.865450382232666     
   3.668783       -0.864224076271057     
   3.671226       -0.862992584705353     
   3.673668       -0.861755967140198     
   3.676111       -0.860514223575592     
   3.678553       -0.859267354011536     
   3.680996       -0.858015298843384     
   3.683439       -0.856758177280426     
   3.685881       -0.855495929718018     
   3.688324       -0.854228556156158     
   3.690766       -0.852956116199493     
   3.693209       -0.851678609848022     
   3.695652       -0.850395977497101     
   3.698094       -0.849108278751373     
   3.700537       -0.847815513610840     
   3.702979       -0.846517741680145     
   3.705422       -0.845214843750000     
   3.707865       -0.843906939029694     
   3.710307       -0.842593967914581     
   3.712750       -0.841276049613953     
   3.715192       -0.839953005313873     
   3.717635       -0.838625013828278     
   3.720078       -0.837292015552521     
   3.722520       -0.835954010486603     
   3.724963       -0.834611058235168     
   3.727405       -0.833263039588928     
   3.729848       -0.831910133361816     
   3.732291       -0.830552220344543     
   3.734733       -0.829189360141754     
   3.737176       -0.827821552753448     
   3.739618       -0.826448798179626     
   3.742061       -0.825071156024933     
   3.744503       -0.823688507080078     
   3.746946       -0.822301030158997     
   3.749389       -0.820908606052399     
   3.751831       -0.819511294364929     
   3.754274       -0.818109095096588     
   3.756716       -0.816702008247375     
   3.759159       -0.815290033817291     
   3.761602       -0.813873231410980     
   3.764044       -0.812451541423798     
   3.766487       -0.811025023460388     
   3.768929       -0.809593617916107     
   3.771372       -0.808157444000244     
   3.773815       -0.806716442108154     
   3.776257       -0.805270612239838     
   3.778700       -0.803819954395294     
   3.781142       -0.802364528179169     
   3.783585       -0.800904273986816     
   3.786028       -0.799439311027527     
   3.788470       -0.797969520092010     
   3.790913       -0.796495020389557     
   3.793355       -0.795015752315521     
   3.795798       -0.793531715869904     
   3.798241       -0.792042970657349     
   3.800683       -0.790549457073212     
   3.803126       -0.789051294326782     
   3.805568       -0.787548363208771     
   3.808011       -0.786040782928467     
   3.810454       -0.784528434276581     
   3.812896       -0.783011496067047     
   3.815339       -0.781489849090576     
   3.817781       -0.779963552951813     
   3.820224       -0.778432548046112     
   3.822667       -0.776896953582764     
   3.825109       -0.775356709957123     
   3.827552       -0.773811817169189     
   3.829994       -0.772262334823608     
   3.832437       -0.770708262920380     
   3.834880       -0.769149541854858     
   3.837322       -0.767586290836334     
   3.839765       -0.766018450260162     
   3.842207       -0.764446020126343     
   3.844650       -0.762869000434875     
   3.847093       -0.761287450790405     
   3.849535       -0.759701371192932     
   3.851978       -0.758110761642456     
   3.854420       -0.756515622138977     
   3.856863       -0.754915952682495     
   3.859306       -0.753311812877655     
   3.861748       -0.751703143119812     
   3.864191       -0.750090003013611     
   3.866633       -0.748472392559052     
   3.869076       -0.746850311756134     
   3.871519       -0.745223760604858     
   3.873961       -0.743592798709869     
   3.876404       -0.741957366466522     
   3.878846       -0.740317523479462     
   3.881289       -0.738673269748688     
   3.883732       -0.737024605274200     
   3.886174       -0.735371530056000     
   3.888617       -0.733714103698730     
   3.891059       -0.732052266597748     
   3.893502       -0.730386078357697     
   3.895945       -0.728715479373932     
   3.898387       -0.727040588855743     
   3.900830       -0.725361347198486     
   3.903272       -0.723677754402161     
   3.905715       -0.721989870071411     
   3.908158       -0.720297694206238     
   3.910600       -0.718601226806641     
   3.913043       -0.716900408267975     
   3.915485       -0.715195357799530     
   3.917928       -0.713486075401306     
   3.920371       -0.711772441864014     
   3.922813       -0.710054636001587     
   3.925256       -0.708332598209381     
   3.927698       -0.706606268882751     
   3.930141       -0.704875767230988     
   3.932584       -0.703141093254089     
   3.935026       -0.701402187347412     
   3.937469       -0.699659049510956     
   3.939911       -0.697911798954010     
   3.942354       -0.696160376071930     
   3.944797       -0.694404780864716     
   3.947239       -0.692645072937012     
   3.949682       -0.690881192684174     
   3.952124       -0.689113199710846     
   3.954567       -0.687341153621674     
   3.957010       -0.685564935207367     
   3.959452       -0.683784663677216     
   3.961895       -0.682000279426575     
   3.964337       -0.680211842060089     
   3.966780       -0.678419351577759     
   3.969223       -0.676622867584229     
   3.971665       -0.674822270870209     
   3.974108       -0.673017680644989     
   3.976550       -0.671209037303925     
   3.978993       -0.669396400451660     
   3.981436       -0.667579829692841     
   3.983878       -0.665759205818176     
   3.986321       -0.663934648036957     
   3.988763       -0.662106096744537     
   3.991206       -0.660273611545563     
   3.993649       -0.658437192440033     
   3.996091       -0.656596839427948     
   3.998534       -0.654752612113953     
   4.000977       -0.652904272079468     
   4.003419       -0.651051998138428     
   4.005862       -0.649195849895477     
   4.008305       -0.647335827350616     
   4.010748       -0.645471990108490     
   4.013191       -0.643604278564453     
   4.015634       -0.641732692718506     
   4.018076       -0.639857292175293     
   4.020519       -0.637978076934814     
   4.022962       -0.636095046997070     
   4.025405       -0.634208261966705     
   4.027848       -0.632317662239075     
   4.030291       -0.630423307418823     
   4.032733       -0.628525137901306     
   4.035176       -0.626623272895813     
   4.037619       -0.624717652797699     
   4.040062       -0.622808277606964     
   4.042505       -0.620895206928253     
   4.044948       -0.618978440761566     
   4.047390       -0.617057979106903     
   4.049833       -0.615133821964264     
   4.052276       -0.613205969333649     
   4.054719       -0.611274540424347     
   4.057162       -0.609339416027069     
   4.059605       -0.607400596141815     
   4.062047       -0.605458259582520     
   4.064490       -0.603512227535248     
   4.066933       -0.601562619209290     
   4.069376       -0.599609434604645     
   4.071819       -0.597652673721313     
   4.074262       -0.595692336559296     
   4.076705       -0.593728423118591     
   4.079147       -0.591760993003845     
   4.081590       -0.589790046215057     
   4.084033       -0.587815523147583     
   4.086476       -0.585837543010712     
   4.088919       -0.583856046199799     
   4.091362       -0.581871092319489     
   4.093804       -0.579882621765137     
   4.096247       -0.577890753746033     
   4.098690       -0.575895369052887     
   4.101133       -0.573896586894989     
   4.103576       -0.571894347667694     
   4.106019       -0.569888710975647     
   4.108461       -0.567879676818848     
   4.110904       -0.565867304801941     
   4.113347       -0.563851475715637     
   4.115790       -0.561832308769226     
   4.118233       -0.559809803962708     
   4.120676       -0.557783961296082     
   4.123118       -0.555754780769348     
   4.125561       -0.553722262382507     
   4.128004       -0.551686465740204     
   4.130447       -0.549647390842438     
   4.132890       -0.547604978084564     
   4.135333       -0.545559346675873     
   4.137775       -0.543510437011719     
   4.140218       -0.541458308696747     
   4.142661       -0.539402961730957     
   4.145104       -0.537344336509705     
   4.147547       -0.535282552242279     
   4.149990       -0.533217549324036     
   4.152432       -0.531149387359619     
   4.154875       -0.529078006744385     
   4.157318       -0.527003526687622     
   4.159761       -0.524925887584686     
   4.162204       -0.522845089435577     
   4.164647       -0.520761191844940     
   4.167089       -0.518674194812775     
   4.169532       -0.516584098339081     
   4.171975       -0.514490902423859     
   4.174418       -0.512394666671753     
   4.176861       -0.510295331478119     
   4.179304       -0.508192956447601     
   4.181746       -0.506087601184845     
   4.184189       -0.503979206085205     
   4.186632       -0.501867771148682     
   4.189075       -0.499753355979919     
   4.191518       -0.497635960578918     
   4.193961       -0.495515584945679     
   4.196404       -0.493392258882523     
   4.198846       -0.491265982389450     
   4.201289       -0.489136785268784     
   4.203732       -0.487004697322845     
   4.206175       -0.484869658946991     
   4.208618       -0.482731729745865     
   4.211061       -0.480590939521790     
   4.213503       -0.478447288274765     
   4.215946       -0.476300746202469     
   4.218389       -0.474151402711868     
   4.220832       -0.471999198198318     
   4.223275       -0.469844192266464     
   4.225718       -0.467686384916306     
   4.228160       -0.465525776147842     
   4.230603       -0.463362395763397     
   4.233046       -0.461196243762970     
   4.235489       -0.459027349948883     
   4.237932       -0.456855714321136     
   4.240375       -0.454681366682053     
   4.242817       -0.452504277229309     
   4.245260       -0.450324505567551     
   4.247703       -0.448142021894455     
   4.250146       -0.445956885814667     
   4.252589       -0.443769097328186     
   4.255032       -0.441578656435013     
   4.257474       -0.439385563135147     
   4.259917       -0.437189847230911     
   4.262360       -0.434991538524628     
   4.264803       -0.432790637016296     
   4.267246       -0.430587142705917     
   4.269689       -0.428381085395813     
   4.272131       -0.426172465085983     
   4.274574       -0.423961281776428     
   4.277017       -0.421747595071793     
   4.279460       -0.419531404972076     
   4.281903       -0.417312681674957     
   4.284346       -0.415091484785080     
   4.286788       -0.412867814302444     
   4.289231       -0.410641670227051     
   4.291674       -0.408413052558899     
   4.294117       -0.406182020902634     
   4.296560       -0.403948575258255     
   4.299003       -0.401712715625763     
   4.301445       -0.399474442005157     
   4.303888       -0.397233814001083     
   4.306331       -0.394990801811218     
   4.308774       -0.392745405435562     
   4.311217       -0.390497684478760     
   4.313660       -0.388247638940811     
   4.316103       -0.385995268821716     
   4.318545       -0.383740603923798     
   4.320988       -0.381483644247055     
   4.323431       -0.379224419593811     
   4.325874       -0.376962929964066     
   4.328317       -0.374699175357819     
   4.330760       -0.372433185577393     
   4.333202       -0.370164990425110     
   4.335645       -0.367894560098648     
   4.338088       -0.365621954202652     
   4.340531       -0.363347172737122     
   4.342974       -0.361070215702057     
   4.345417       -0.358791083097458     
   4.347859       -0.356509834527969     
   4.350302       -0.354226469993591     
   4.352745       -0.351940959692001     
   4.355188       -0.349653363227844     
   4.357631       -0.347363680601120     
   4.360074       -0.345071911811829     
   4.362516       -0.342778116464615     
   4.364959       -0.340482234954834     
   4.367402       -0.338184356689453     
   4.369845       -0.335884451866150     
   4.372288       -0.333582520484924     
   4.374731       -0.331278622150421     
   4.377173       -0.328972727060318     
   4.379616       -0.326664894819260     
   4.382059       -0.324355095624924     
   4.384502       -0.322043359279633     
   4.386945       -0.319729715585709     
   4.389388       -0.317414134740829     
   4.391830       -0.315096706151962     
   4.394273       -0.312777370214462     
   4.396716       -0.310456156730652     
   4.399159       -0.308133095502853     
   4.401602       -0.305808216333389     
   4.404045       -0.303481489419937     
   4.406487       -0.301152974367142     
   4.408930       -0.298822641372681     
   4.411373       -0.296490520238876     
   4.413816       -0.294156640768051     
   4.416259       -0.291821002960205     
   4.418702       -0.289483636617661     
   4.421144       -0.287144541740417     
   4.423587       -0.284803718328476     
   4.426030       -0.282461196184158     
   4.428473       -0.280117005109787     
   4.430916       -0.277771115303040     
   4.433359       -0.275423586368561     
   4.435802       -0.273074418306351     
   4.438244       -0.270723611116409     
   4.440687       -0.268371194601059     
   4.443130       -0.266017168760300     
   4.445573       -0.263661563396454     
   4.448016       -0.261304378509521     
   4.450459       -0.258945643901825     
   4.452901       -0.256585359573364     
   4.455344       -0.254223525524139     
   4.457787       -0.251860201358795     
   4.460230       -0.249495372176170     
   4.462673       -0.247129037976265     
   4.465116       -0.244761243462563     
   4.467558       -0.242391973733902     
   4.470001       -0.240021273493767     
   4.472444       -0.237649127840996     
   4.474887       -0.235275566577911     
   4.477330       -0.232900604605675     
   4.479773       -0.230524256825447     
   4.482215       -0.228146523237228     
   4.484658       -0.225767433643341     
   4.487101       -0.223387002944946     
   4.489544       -0.221005231142044     
   4.491987       -0.218622133135796     
   4.494430       -0.216237738728523     
   4.496872       -0.213852062821388     
   4.499315       -0.211465105414391     
   4.501758       -0.209076881408691     
   4.504201       -0.206687405705452     
   4.506644       -0.204296708106995     
   4.509087       -0.201904788613319     
   4.511529       -0.199511662125587     
   4.513972       -0.197117343544960     
   4.516415       -0.194721847772598     
   4.518858       -0.192325189709663     
   4.521301       -0.189927384257317     
   4.523744       -0.187528446316719     
   4.526186       -0.185128390789032     
   4.528629       -0.182727232575417     
   4.531072       -0.180324986577034     
   4.533515       -0.177921652793884     
   4.535958       -0.175517261028290     
   4.538401       -0.173111826181412     
   4.540843       -0.170705363154411     
   4.543286       -0.168297871947289     
   4.545729       -0.165889382362366     
   4.548172       -0.163479894399643     
   4.550615       -0.161069437861443     
   4.553058       -0.158658027648926     
   4.555501       -0.156245648860931     
   4.557943       -0.153832361102104     
   4.560386       -0.151418134570122     
   4.562829       -0.149003028869629     
   4.565272       -0.146587014198303     
   4.567715       -0.144170135259628     
   4.570158       -0.141752392053604     
   4.572600       -0.139333799481392     
   4.575043       -0.136914372444153     
   4.577486       -0.134494140744209     
   4.579929       -0.132073089480400     
   4.582372       -0.129651263356209     
   4.584815       -0.127228662371635     
   4.587257       -0.124805301427841     
   4.589700       -0.122381195425987     
   4.592143       -0.119956359267235     
   4.594586       -0.117530800402164     
   4.597029       -0.115104548633099     
   4.599472       -0.112677611410618     
   4.601914       -0.110249996185303     
   4.604357       -0.107821725308895     
   4.606800       -0.105392806231976     
   4.609243       -0.102963261306286     
   4.611686       -0.100533105432987     
   4.614129       -9.810234606266022E-002
   4.616571       -9.567100554704666E-002
   4.619014       -9.323909133672714E-002
   4.621457       -9.080661833286285E-002
   4.623900       -8.837360888719559E-002
   4.626343       -8.594006299972534E-002
   4.628786       -8.350601047277451E-002
   4.631228       -8.107145875692368E-002
   4.633671       -7.863643020391464E-002
   4.636114       -7.620092481374741E-002
   4.638557       -7.376496493816376E-002
   4.641000       -7.132856547832489E-002
   4.643443       -6.889174133539200E-002
   4.645885       -6.645449995994568E-002
   4.648328       -6.401687115430832E-002
   4.650771       -6.157885491847992E-002
   4.653214       -5.914047360420227E-002
   4.655657       -5.670173838734627E-002
   4.658100       -5.426266416907310E-002
   4.660542       -5.182326585054398E-002
   4.662985       -4.938356205821037E-002
   4.665428       -4.694356024265289E-002
   4.667871       -4.450327903032303E-002
   4.670314       -4.206273332238197E-002
   4.672757       -3.962193429470062E-002
   4.675200       -3.718090057373047E-002
   4.677642       -3.473964333534241E-002
   4.680085       -3.229818120598793E-002
   4.682528       -2.985652349889278E-002
   4.684971       -2.741468884050846E-002
   4.687414       -2.497269213199615E-002
   4.689857       -2.253054454922676E-002
   4.692299       -2.008826285600662E-002
   4.694742       -1.764586195349693E-002
   4.697185       -1.520335488021374E-002
   4.699628       -1.276075746864080E-002
   4.702071       -1.031808461993933E-002
   4.704514       -7.875349372625351E-003
   4.706956       -5.432567093521357E-003
   4.709399       -2.989752683788538E-003
   4.711842       -5.469202878884971E-004
   4.714285        1.895915367640555E-003
   4.716728        4.338739439845085E-003
   4.719171        6.781538017094135E-003
   4.721613        9.224295616149902E-003
   4.724056        1.166699919849634E-002
   4.726499        1.410963200032711E-002
   4.728942        1.655218191444874E-002
   4.731385        1.899463124573231E-002
   4.733828        2.143696881830692E-002
   4.736270        2.387917786836624E-002
   4.738713        2.632124349474907E-002
   4.741156        2.876315265893936E-002
   4.743599        3.120489045977592E-002
   4.746042        3.364644199609756E-002
   4.748485        3.608779236674309E-002
   4.750927        3.852893039584160E-002
   4.753370        4.096983373165131E-002
   4.755813        4.341049492359161E-002
   4.758256        4.585089907050133E-002
   4.760699        4.829102754592896E-002
   4.763142        5.073086544871330E-002
   4.765584        5.317040532827377E-002
   4.768027        5.560962483286858E-002
   4.770470        5.804851278662682E-002
   4.772913        6.048705428838730E-002
   4.775356        6.292523443698883E-002
   4.777799        6.536304205656052E-002
   4.780241        6.780045479536057E-002
   4.782684        7.023746520280838E-002
   4.785127        7.267405837774277E-002
   4.787570        7.511021941900253E-002
   4.790013        7.754592597484589E-002
   4.792456        7.998117059469223E-002
   4.794899        8.241594582796097E-002
   4.797341        8.485022187232971E-002
   4.799784        8.728399127721786E-002
   4.802227        8.971724659204483E-002
   4.804670        9.214995801448822E-002
   4.807113        9.458212554454803E-002
   4.809556        9.701372683048248E-002
   4.811998        9.944474697113037E-002
   4.814441        0.101875178515911     
   4.816884        0.104304999113083     
   4.819327        0.106734193861485     
   4.821770        0.109162755310535     
   4.824213        0.111590668559074     
   4.826655        0.114017911255360     
   4.829098        0.116444475948811     
   4.831541        0.118870340287685     
   4.833984        0.121295504271984     
   4.836427        0.123719938099384     
   4.838870        0.126143634319305     
   4.841312        0.128566578030586     
   4.843755        0.130988761782646     
   4.846198        0.133410155773163     
   4.848641        0.135830760002136     
   4.851084        0.138250544667244     
   4.853527        0.140669509768486     
   4.855969        0.143087625503540     
   4.858412        0.145504906773567     
   4.860855        0.147921308875084     
   4.863298        0.150336816906929     
   4.865741        0.152751445770264     
   4.868184        0.155165150761604     
   4.870626        0.157577946782112     
   4.873069        0.159989789128304     
   4.875512        0.162400677800179     
   4.877955        0.164810597896576     
   4.880398        0.167219534516335     
   4.882841        0.169627472758293     
   4.885283        0.172034397721291     
   4.887726        0.174440309405327     
   4.890169        0.176845163106918     
   4.892612        0.179248973727226     
   4.895055        0.181651696562767     
   4.897498        0.184053346514702     
   4.899940        0.186453908681870     
   4.902383        0.188853338360786     
   4.904826        0.191251650452614     
   4.907269        0.193648830056190     
   4.909712        0.196044847369194     
   4.912155        0.198439687490463     
   4.914598        0.200833350419998     
   4.917040        0.203225821256638     
   4.919483        0.205617070198059     
   4.921926        0.208007082343102     
   4.924369        0.210395872592926     
   4.926812        0.212783396244049     
   4.929255        0.215169653296471     
   4.931697        0.217554628849030     
   4.934140        0.219938308000565     
   4.936583        0.222320660948753     
   4.939026        0.224701702594757     
   4.941469        0.227081403136253     
   4.943912        0.229459732770920     
   4.946354        0.231836706399918     
   4.948797        0.234212294220924     
   4.951240        0.236586481332779     
   4.953683        0.238959252834320     
   4.956126        0.241330608725548     
   4.958569        0.243700519204140     
   4.961011        0.246068984270096     
   4.963454        0.248435974121094     
   4.965897        0.250801473855972     
   4.968340        0.253165483474731     
   4.970783        0.255527973175049     
   4.973226        0.257888942956924     
   4.975668        0.260248392820358     
   4.978111        0.262606263160706     
   4.980554        0.264962583780289     
   4.982997        0.267317324876785     
   4.985440        0.269670456647873     
   4.987883        0.272021979093552     
   4.990325        0.274371892213821     
   4.992768        0.276720166206360     
   4.995211        0.279066771268845     
   4.997654        0.281411737203598     
   5.000097        0.283755004405975     
